[-71.52350499]
[-71.86126869]
[-71.56206335]
[-71.52644574]
[-71.3380597]
[-71.49043829]
[-71.43882678]
[-71.55436038]
[-71.71695332]
[-71.72570774]
[-71.65028726]
[-71.73016706]
[-71.69227343]
[-71.72018048]
[-71.63571919]
[-71.70750007]
[-71.565472]
[-71.49953586]
[-71.49015398]
[-71.52529154]
[-71.55177397]
[-71.47810665]
[-71.53308276]
[-71.53265499]
[-71.48787815]
[-71.74074439]
[-71.50987585]
[-71.54374961]
[-71.35983787]
[-71.63420522]
[-71.52981101]
[-71.60392747]
[-71.52899698]
[-71.72924374]
[-71.54440103]
[-71.67687002]
[-71.51011883]
[-71.67038371]
[-71.61236866]
[-71.55440165]
[-71.67318481]
[-71.42869972]
[-71.38525359]
[-71.44562212]
[-71.55564228]
[-71.80057194]
[-71.4211683]
[-71.54537884]
[-71.57112789]
[-71.66939905]
[-71.36946649]
[-71.59482772]
[-71.39590915]
[-71.58710253]
[-71.57555184]
[-71.44836914]
[-71.47416214]
[-71.56453078]
[-71.66960678]
[-71.43379263]
[-71.55218298]
[-71.51153587]
[-71.65642282]
[-71.75522747]
[-71.42072842]
[-71.61496842]
[-71.68144432]
[-71.54357098]
[-71.62015353]
[-71.54779354]
[-71.69269311]
[-71.59516241]
[-71.3419817]
[-71.39476955]
[-71.49380699]
[-71.72265178]
[-71.54471212]
[-71.67131067]
[-71.69649552]
[-71.57580071]
[-71.55621169]
[-71.56539922]
[-71.57504443]
[-71.31432469]
[-71.6380827]
[-71.61774912]
[-71.46007999]
[-71.42103127]
[-71.60134749]
[-71.52338454]
[-72.14065623]
[-71.6759281]
[-71.6379472]
[-71.65317985]
[-71.57849338]
[-71.65849244]
[-71.57275566]
[-71.53099793]
[-71.69486919]
[-71.59942496]
[-71.68581026]
[-71.78789361]
[-71.80523196]
[-71.73533302]
[-72.0164578]
[-71.71384762]
[-71.90398702]
[-71.58102856]
[-71.73707874]
[-71.81221682]
[-71.70254322]
[-71.70357442]
[-71.82977556]
[-71.69681756]
[-71.70192923]
[-71.79357042]
[-71.79349256]
[-71.76522168]
[-71.61394481]
[-71.52881761]
[-71.53060181]
[-71.31139195]
[-71.48048647]
[-71.41399244]
[-71.38632735]
[-71.36377918]
[-71.34426094]
[-71.48646298]
[-71.55779288]
[-71.62287887]
[-71.2499065]
[-71.4657409]
[-71.62119295]
[-71.61648081]
[-71.63437341]
[-71.49581736]
[-71.53478833]
[-71.46625462]
[-71.44838537]
[-71.3627295]
[-71.61586017]
[-71.60295355]
[-71.47043053]
[-71.37926232]
[-71.39352422]
[-71.37400095]
[-71.42511385]
[-71.40407359]
[-71.43184342]
[-71.35898504]
[-71.46701476]
[-71.4053934]
[-71.16183769]
[-71.52358119]
[-71.43014625]
[-71.30759454]
[-71.54974216]
[-71.28598811]
[-71.39346182]
[-71.52816483]
[-71.49654816]
[-71.38877252]
[-71.41343521]
[-71.42875067]
[-71.43106686]
[-71.39643748]
[-71.42555828]
[-71.49012847]
[-71.45548003]
[-71.38644784]
[-71.63672343]
[-71.35946041]
[-71.34466187]
[-71.37470526]
[-71.8455511]
[-71.62921834]
[-71.39034059]
[-71.35660386]
[-71.58731117]
[-71.48942274]
[-71.62410515]
[-71.50334663]
[-71.64436569]
[-71.50894049]
[-71.40158539]
[-71.43835318]
[-71.53692291]
[-71.42946656]
[-71.29885493]
[-71.30951652]
[-71.26538432]
[-71.22277529]
[-71.2086994]
[-71.24765047]
[-71.21224761]
[-71.19221411]
[-71.33064944]
[-71.38444826]
[-71.38687574]
[-71.52347241]
[-71.28063701]
[-71.52880946]
[-71.61014157]
[-71.58653168]
[-71.62400504]
[-71.45446249]
[-71.48082617]
[-71.48630172]
[-71.35820475]
[-71.50938017]
[-71.31730821]
[-71.38424186]
[-71.37525605]
[-71.41069141]
[-71.32521117]
[-71.37740868]
[-71.38720487]
[-71.29261423]
[-71.16413125]
[-71.32629754]
[-71.42306999]
[-71.4680696]
[-71.46012645]
[-71.38768503]
[-71.40741802]
[-71.41448569]
[-71.51368344]
[-71.2432887]
[-71.44450711]
[-71.47331638]
[-71.35051451]
[-71.49781644]
[-71.47660969]
[-71.48878643]
[-71.50795742]
[-71.39440902]
[-71.5088252]
[-71.45957984]
[-71.38941568]
[-71.43708948]
[-71.41488281]
[-71.40329275]
[-71.60037583]
[-71.50983627]
[-71.3899054]
[-71.58446863]
[-71.44430651]
[-71.56135392]
[-71.62939213]
[-71.49489246]
[-71.39651417]
[-71.3569512]
[-71.41911419]
[-71.47549612]
[-71.42193527]
[-71.45562482]
[-71.48678385]
[-71.42452918]
[-71.43999323]
[-71.6576823]
[-71.44120403]
[-71.38175321]
[-71.74554574]
[-71.27579851]
[-71.34406552]
[-71.40535495]
[-71.36344153]
[-71.43161471]
[-71.43237724]
[-71.6655713]
[-71.37300816]
[-71.42247497]
[-71.35770248]
[-71.27574434]
[-71.48592277]
[-71.40937619]
[-71.18916913]
[-71.13360569]
[-71.3329566]
[-71.40478682]
[-71.67520843]
[-71.36801065]
[-71.28569779]
[-71.43637754]
[-71.38158772]
[-71.51288599]
[-71.36031433]
[-71.30376048]
[-71.36796969]
[-71.37989466]
[-71.14598387]
[-71.04771523]
[-71.38544513]
[-71.66122935]
[-71.54527859]
[-71.47736582]
[-71.51082513]
[-71.46810282]
[-71.45094855]
[-71.38303634]
[-71.36395093]
[-71.52380968]
[-71.40250434]
[-71.47228782]
[-71.55611014]
[-71.30344347]
[-71.36430787]
[-71.47270288]
[-71.37167854]
[-71.24422489]
[-71.52040441]
[-71.40734689]
[-71.54296161]
[-71.56093109]
[-71.45720347]
[-71.4379647]
[-71.4629122]
[-71.5956025]
[-71.49319771]
[-71.51748808]
[-71.45423322]
[-71.42850208]
[-71.55354514]
[-71.56558403]
[-71.62782013]
[-71.5592943]
[-71.53393651]
[-71.43616234]
[-71.68500607]
[-71.41645483]
[-71.46191631]
[-71.4675068]
[-71.51390316]
[-71.15350251]
[-71.42775546]
[-71.3622979]
[-71.43021063]
[-71.38213816]
[-71.5141635]
[-71.49566246]
[-71.54038106]
[-71.38369266]
[-71.52963187]
[-71.33765944]
[-71.39450598]
[-71.456823]
[-71.31582228]
[-72.03351434]
[-71.59911509]
[-71.2676458]
[-71.47065616]
[-71.16731941]
[-71.28376115]
[-71.41682336]
[-71.41614146]
[-71.72734397]
[-71.22215085]
[-71.40523728]
[-71.32831233]
[-71.31880604]
[-71.10441669]
[-71.37954302]
[-71.39601008]
[-71.44425022]
[-71.23971812]
[-71.42258776]
[-71.4408249]
[-71.38269429]
[-71.08538322]
[-71.24650473]
[-71.36434929]
[-71.43485681]
[-71.27650164]
[-71.36929913]
[-71.35703524]
[-71.48967]
[-71.36968478]
[-71.50278461]
[-71.51219009]
[-71.40094563]
[-71.37536375]
[-71.64411875]
[-71.38392827]
[-71.3453515]
[-71.41138574]
[-71.38271716]
[-71.42290175]
[-71.25730089]
[-71.25500122]
[-71.42383576]
[-71.2602242]
[-71.36411416]
[-71.47956675]
[-71.33064804]
[-71.36024294]
[-71.41225772]
[-71.21880146]
[-71.29663551]
[-71.25757675]
[-71.29723373]
[-71.36818882]
[-71.32627661]
[-71.20057869]
[-71.26178805]
[-71.16996337]
[-71.38309743]
[-71.41352723]
[-71.31241037]
[-71.34164269]
[-71.30022047]
[-71.36270441]
[-71.42324003]
[-71.605436]
[-71.18451756]
[-71.25807483]
[-71.19361681]
[-71.39840036]
[-71.45679922]
[-71.36171109]
[-71.42988426]
[-71.23478115]
[-71.17663563]
[-71.27050524]
[-71.20199406]
[-71.22135759]
[-71.25528011]
[-71.35402849]
[-71.12016032]
[-71.32423684]
[-71.24551355]
[-71.28389777]
[-71.41532362]
[-71.28202901]
[-71.0856973]
[-71.18974293]
[-71.44052111]
[-71.45639798]
[-71.13542536]
[-71.08816365]
[-71.29808523]
[-71.18825419]
[-71.41185839]
[-71.36662906]
[-71.19581307]
[-71.44514462]
[-71.18390748]
[-71.35182426]
[-71.47816727]
[-71.3078509]
[-71.30574765]
[-71.48370477]
[-71.43436265]
[-71.5378344]
[-71.48085946]
[-71.49407806]
[-71.33794846]
[-71.23919572]
[-71.13265095]
[-71.39485442]
[-71.43519026]
[-71.30582432]
[-71.20247922]
[-71.44925205]
[-71.4273664]
[-71.57080979]
[-71.43095095]
[-71.34023333]
[-71.21578551]
[-71.40602152]
[-71.4305109]
[-71.4223567]
[-71.36174105]
[-71.51117303]
[-71.39698944]
[-71.25617688]
[-71.30136046]
[-71.22112404]
[-71.38923238]
[-71.09729743]
[-71.41927823]
[-71.19137557]
[-71.34257648]
[-71.28187441]
[-71.29566057]
[-71.34815392]
[-71.27231215]
[-71.44252018]
[-71.2559244]
[-71.44246492]
[-71.43174104]
[-71.3971137]
[-71.26833827]
[-71.32044194]
[-71.25520924]
[-71.27879717]
[-71.25119072]
[-71.2913441]
[-71.35617462]
[-71.16827859]
[-71.35050924]
[-71.35500728]
[-71.2656104]
[-71.13329765]
[-71.3205288]
[-71.18892667]
[-71.22987604]
[-71.28942718]
[-71.39525086]
[-71.08627343]
[-71.26523229]
[-71.24013827]
[-71.31607211]
[-71.14199237]
[-71.11772528]
[-71.04130112]
[-71.30186632]
[-71.1479321]
[-71.35220061]
[-71.14296424]
[-71.28729044]
[-71.30013682]
[-71.32619375]
[-71.41391945]
[-71.0775945]
[-71.43661695]
[-71.4994658]
[-71.24495836]
[-71.37689006]
[-71.36231265]
[-71.66161615]
[-71.11568217]
[-71.19268207]
[-71.48019367]
[-71.42279491]
[-71.18172298]
[-71.24461242]
[-71.46849127]
[-71.29665624]
[-71.25523481]
[-71.57270742]
[-71.39171198]
[-71.2218056]
[-71.46633496]
[-71.20792226]
[-71.46341779]
[-71.29003944]
[-71.16065502]
[-71.50510878]
[-71.33753527]
[-71.34703542]
[-71.23065629]
[-71.36290061]
[-71.29208094]
[-71.44835859]
[-71.27867388]
[-71.49123851]
[-71.34433453]
[-71.28571315]
[-71.17393846]
[-71.14425784]
[-71.1808567]
[-71.18906529]
[-71.36665951]
[-71.20705818]
[-71.10977622]
[-71.31809576]
[-71.34345052]
[-71.18871322]
[-71.1516795]
[-71.29632751]
[-71.15035812]
[-71.26262275]
[-71.19326058]
[-71.22899672]
[-71.43162083]
[-71.3960909]
[-71.23344591]
[-71.45489436]
[-71.4519997]
[-71.31929263]
[-71.47756]
[-71.25895598]
[-71.28516569]
[-71.38902082]
[-71.43053101]
[-71.38467879]
[-71.71909186]
[-71.39221226]
[-71.33328111]
[-71.34305669]
[-71.38621575]
[-71.38655755]
[-71.44143484]
[-71.30021583]
[-71.38967901]
[-71.1483573]
[-71.42466917]
[-71.48899654]
[-71.32838405]
[-71.38206707]
[-71.47523438]
[-71.2683507]
[-71.33073765]
[-71.41933673]
[-71.23107328]
[-71.55468995]
[-71.47681668]
[-71.26838623]
[-71.23508959]
[-71.28237624]
[-71.30978719]
[-71.274427]
[-71.3142699]
[-71.22512632]
[-71.36710921]
[-71.32292742]
[-71.3112922]
[-71.69759736]
[-71.41008344]
[-71.38964187]
[-71.24276974]
[-71.27618951]
[-71.26611149]
[-71.37739922]
[-71.47945667]
[-71.31752336]
[-71.17719327]
[-71.270711]
[-71.32803946]
[-71.36236592]
[-71.2368811]
[-71.38345354]
[-71.40600011]
[-71.33370649]
[-71.20427108]
[-71.38925901]
[-71.20514431]
[-71.47062948]
[-71.57399622]
[-71.04920105]
[-71.43343027]
[-71.3001965]
[-71.54956014]
[-71.41841776]
[-71.33285069]
[-71.49823771]
[-71.31440328]
[-71.3819385]
[-71.25740637]
[-71.42839175]
[-71.10931866]
[-71.24805649]
[-71.35473008]
[-71.42658107]
[-71.31160232]
[-71.28476022]
[-71.30395943]
[-71.33013277]
[-71.51730765]
[-71.32851403]
[-71.41113161]
[-71.51203124]
[-71.21486882]
[-71.41415687]
[-71.37264222]
[-71.42944132]
[-71.29544317]
[-71.48061566]
[-71.32038595]
[-71.46830854]
[-71.33207121]
[-71.37451152]
[-71.52773937]
[-71.34682565]
[-71.41867535]
[-71.67597361]
[-71.64516353]
[-71.43157083]
[-71.41575927]
[-71.45389097]
[-71.41182332]
[-71.47041854]
[-71.37113628]
[-71.47376459]
[-71.30138083]
[-71.47214368]
[-71.48042034]
[-71.36146512]
[-71.6822871]
[-71.15317642]
[-71.49054841]
[-71.44138416]
[-71.09723631]
[-71.47379374]
[-71.4758714]
[-71.36030768]
[-71.26929766]
[-71.33309789]
[-71.35395395]
[-71.28314276]
[-71.41810034]
[-71.16523175]
[-71.10724676]
[-71.39789632]
[-71.3835892]
[-71.53804327]
[-71.18138793]
[-71.84277883]
[-71.09025038]
[-71.37409095]
[-71.41947104]
[-71.34991929]
[-71.25850746]
[-71.28474046]
[-71.48866058]
[-71.45001699]
[-71.38444227]
[-71.28499353]
[-71.22976295]
[-71.36241252]
[-71.22682964]
[-71.43477739]
[-71.40481881]
[-71.46844582]
[-71.36439193]
[-71.2961705]
[-71.26171189]
[-71.3458967]
[-71.2557002]
[-71.28402473]
[-71.48906467]
[-71.27107812]
[-71.40936956]
[-71.27304482]
[-71.27025113]
[-71.25153348]
[-71.45297365]
[-71.36541679]
[-71.13935718]
[-71.24137524]
[-71.53752499]
[-71.36411308]
[-71.40839509]
[-71.50674633]
[-71.34475948]
[-71.39355913]
[-71.50242164]
[-71.31948239]
[-71.21537116]
[-71.20352062]
[-71.3729526]
[-71.44928289]
[-71.37960645]
[-71.3861645]
[-71.402737]
[-71.48528835]
[-71.44479477]
[-71.37150169]
[-71.34038703]
[-71.22675973]
[-71.39529318]
[-71.27313826]
[-71.49437232]
[-71.42498284]
[-71.40221511]
[-71.41897844]
[-71.41840624]
[-71.4353344]
[-71.44923929]
[-71.45218007]
[-71.46234865]
[-71.33221574]
[-71.29636421]
[-71.23966582]
[-71.47742262]
[-71.14304819]
[-71.24519614]
[-71.22359024]
[-71.18165849]
[-71.32814164]
[-71.29488501]
[-71.32512166]
[-71.35255444]
[-71.31659242]
[-71.22247834]
[-71.39253262]
[-71.33490239]
[-71.33385308]
[-71.27439106]
[-71.24623337]
[-71.22783842]
[-71.55766181]
[-71.34069124]
[-71.30512576]
[-71.38961551]
[-71.14136614]
[-71.30632038]
[-71.29753999]
[-71.37769654]
[-71.29706651]
[-71.59414096]
[-71.48652101]
[-71.5576396]
[-71.34856269]
[-71.51325088]
[-71.57806865]
[-71.66922431]
[-71.44939362]
[-71.35493992]
[-71.69582535]
[-71.48495314]
[-71.31210992]
[-71.09955381]
[-71.41071297]
[-71.5699853]
[-71.26051148]
[-71.42444413]
[-71.18987694]
[-71.5232059]
[-71.45237676]
[-71.25591157]
[-71.45072604]
[-71.41866424]
[-71.37790932]
[-71.28033055]
[-71.28803746]
[-71.28275942]
[-71.4812651]
[-71.28929348]
[-71.29084161]
[-71.35015854]
[-71.47310613]
[-71.51610809]
[-71.29330033]
[-71.25152189]
[-71.13346074]
[-71.21063361]
[-71.47957225]
[-71.3220119]
[-71.19227949]
[-71.20717246]
[-71.22412507]
[-71.13288932]
[-71.31985617]
[-71.20583172]
[-71.3542523]
[-71.31434584]
[-71.39187844]
[-71.396727]
[-71.24721415]
[-71.2721377]
[-71.14839796]
[-71.2568126]
[-71.17786106]
[-71.32204801]
[-71.20602341]
[-71.15407146]
[-71.28297757]
[-71.35001295]
[-71.30008275]
[-70.96858091]
[-71.13312124]
[-71.11484461]
[-71.31201775]
[-71.38831622]
[-71.23787891]
[-71.35375739]
[-71.29664492]
[-71.21881722]
[-71.1467691]
[-71.2742874]
[-71.16964812]
[-71.25165097]
[-71.33519732]
[-71.36292124]
[-71.17129582]
[-71.29619763]
[-71.14980687]
[-71.44886162]
[-71.23099118]
[-71.34194659]
[-71.29141086]
[-71.35389168]
[-71.31568254]
[-71.0877273]
[-71.66076679]
[-71.34151773]
[-71.48049445]
[-71.35357804]
[-71.27764841]
[-71.39299537]
[-71.26214412]
[-71.4128272]
[-71.3810996]
[-71.3541965]
[-71.45706471]
[-71.18897609]
[-71.36546541]
[-71.2382445]
[-71.37664006]
[-71.42931632]
[-71.40916075]
[-71.3539664]
[-71.2761249]
[-71.27635423]
[-71.44529537]
[-71.2401539]
[-71.29225028]
[-71.28030198]
[-71.35069265]
[-71.19917495]
[-71.08446477]
[-71.03194859]
[-71.2778725]
[-71.52807428]
[-71.26450427]
[-71.32878804]
[-71.34175192]
[-71.31319325]
[-71.37691069]
[-71.38794047]
[-71.36381112]
[-71.2547589]
[-71.08142269]
[-71.39969274]
[-71.42507931]
[-71.37581143]
[-71.38202388]
[-71.39770299]
[-71.10747276]
[-71.24677379]
[-71.266307]
[-71.33684712]
[-71.24258872]
[-71.35045541]
[-71.31765033]
[-71.3492109]
[-71.17674519]
[-71.49509293]
[-71.30517767]
[-71.1803171]
[-71.39567316]
[-71.48085234]
[-71.22466294]
[-71.33273015]
[-71.29750846]
[-71.25263275]
[-71.38970946]
[-71.48815405]
[-71.29346984]
[-71.34562026]
[-71.38103798]
[-71.5656096]
[-71.40412509]
[-71.54289925]
[-71.28196073]
[-71.36514409]
[-71.40133732]
[-71.19470578]
[-71.17442135]
[-71.37345356]
[-71.47412881]
[-71.33345986]
[-71.20346933]
[-71.33667524]
[-71.35784722]
[-71.22610752]
[-71.31731568]
[-71.29567129]
[-71.1718671]
[-71.52070124]
[-71.37104853]
[-71.26362562]
[-71.5337835]
[-71.42579219]
[-71.65922612]
[-71.29287409]
[-71.37590289]
[-71.1643623]
[-71.80183239]
[-71.23039387]
[-71.26943474]
[-71.27045225]
[-71.29709538]
[-71.10037102]
[-71.15700116]
[-71.32370913]
[-71.25662733]
[-71.2284556]
[-71.41950362]
[-71.33012548]
[-71.29491076]
[-71.25183717]
[-71.31831319]
[-71.34312989]
[-71.30661977]
[-71.34555763]
[-71.11778894]
[-71.36637152]
[-71.01675342]
[-71.36150145]
[-71.31001324]
[-71.4001909]
[-71.4431804]
[-71.27483383]
[-71.32152755]
[-71.36040385]
[-71.45332155]
[-71.49556085]
[-71.51881767]
[-71.44502586]
[-71.31221091]
[-71.29066152]
[-71.31919821]
[-71.42371973]
[-71.25494143]
[-71.18775218]
[-71.25996851]
[-71.15540031]
[-71.06649329]
[-71.18315694]
[-71.31225183]
[-71.12796808]
[-71.31173731]
[-71.13239837]
[-71.2271482]
[-71.06025962]
[-71.05611723]
[-71.47840167]
[-71.36350497]
[-71.16070141]
[-71.19394196]
[-71.21511501]
[-71.33369343]
[-71.29772947]
[-71.40633723]
[-71.2876286]
[-71.31447374]
[-71.21234009]
[-71.21355506]
[-71.17616987]
[-71.25396222]
[-71.32981685]
[-71.28661395]
[-71.41449762]
[-71.29918816]
[-71.40495319]
[-71.3881477]
[-71.41933096]
[-71.09299226]
[-71.16688976]
[-71.13271955]
[-71.23453575]
[-71.25509025]
[-71.25475072]
[-71.37875137]
[-71.01143104]
[-71.37486742]
[-71.23659769]
[-71.04593345]
[-71.11618607]
[-71.23700963]
[-71.20288181]
[-71.18097079]
[-71.3000106]
[-71.19831449]
[-71.34956533]
[-71.13827632]
[-71.22607927]
[-71.39543117]
[-71.47033157]
[-71.27600636]
[-71.19579501]
[-71.44296918]
[-71.34478312]
[-71.18936658]
[-71.28871146]
[-71.32177003]
[-71.28447617]
[-71.28631902]
[-71.31280787]
[-71.42445379]
[-71.47440163]
[-71.13378343]
[-71.30618661]
[-71.31002899]
[-71.41773255]
[-71.20400438]
[-71.17988516]
[-71.42693826]
[-71.14482829]
[-71.28428294]
[-71.24110527]
[-71.16433967]
[-71.30041178]
[-71.48550703]
[-71.17957503]
[-71.17467382]
[-71.24306563]
[-71.20832948]
[-71.28011373]
[-71.14269858]
[-71.17819807]
[-71.17554524]
[-71.24205822]
[-71.08172505]
[-71.22904595]
[-71.25686299]
[-71.23652232]
[-71.11966047]
[-70.89279659]
[-71.30693687]
[-71.28445388]
[-71.36228144]
[-71.31817742]
[-71.09017781]
[-71.08988209]
[-71.31464687]
[-71.27314063]
[-71.29855135]
[-71.20561334]
[-71.16370096]
[-71.03572378]
[-71.31246043]
[-71.15465582]
[-71.3263776]
[-71.35551063]
[-71.35283623]
[-71.0792535]
[-71.18570599]
[-71.0927245]
[-71.18895461]
[-71.22032765]
[-71.26108794]
[-71.34233731]
[-71.25357406]
[-71.52040545]
[-71.37388801]
[-71.15704069]
[-71.35677362]
[-71.40133652]
[-71.0997104]
[-71.22368735]
[-71.40238297]
[-71.40192275]
[-71.3354355]
[-71.28379907]
[-71.40886867]
[-71.35981851]
[-71.26844248]
[-71.35550887]
[-71.32971109]
[-71.3586778]
[-71.64979012]
[-71.38683811]
[-71.37599897]
[-71.4031479]
[-71.26558938]
[-71.22705436]
[-71.31116527]
[-71.28706523]
[-71.31155979]
[-71.18804367]
[-71.31035784]
[-71.23689333]
[-71.22655777]
[-71.36979637]
[-71.15172816]
[-71.13114093]
[-71.19375159]
[-71.45336939]
[-71.16580513]
[-71.16455681]
[-71.21214719]
[-71.30914248]
[-71.32885122]
[-71.22259357]
[-71.46142265]
[-71.29162627]
[-71.29404692]
[-71.41462802]
[-71.14803452]
[-71.26886358]
[-71.25412821]
[-71.3477834]
[-71.18950614]
[-71.18406486]
[-71.19604678]
[-71.18873594]
[-71.38021083]
[-71.39459307]
[-71.18226087]
[-71.17803259]
[-71.15372446]
[-71.27280033]
[-71.21626375]
[-71.196344]
[-71.18689435]
[-71.36424982]
[-71.24679691]
