[-66.44449133]
[-66.47861394]
[-66.35144282]
[-66.54408634]
[-66.41094552]
[-66.27535655]
[-66.3640582]
[-66.32808919]
[-66.66433593]
[-66.46472848]
[-66.37648642]
[-66.34702745]
[-66.5177459]
[-66.53130974]
[-66.33576153]
[-66.32234099]
[-66.59691144]
[-66.30075351]
[-66.19276406]
[-66.29399165]
[-66.28777429]
[-66.35581732]
[-66.5586729]
[-66.48873245]
[-66.19742573]
[-66.29271691]
[-66.23784903]
[-66.32759992]
[-66.47725222]
[-66.21533235]
[-66.42898584]
[-66.43252242]
[-66.40054558]
[-66.34818999]
[-66.39101501]
[-66.44061225]
[-66.53107089]
[-66.36071472]
[-66.45658607]
[-66.51830462]
[-66.32087169]
[-66.54498996]
[-66.35270152]
[-66.50363908]
[-66.30594876]
[-66.5446851]
[-66.31027554]
[-66.29649662]
[-66.28109156]
[-66.39429509]
[-66.43221454]
[-66.23738679]
[-66.43561636]
[-66.35287611]
[-66.44793831]
[-66.62868123]
[-66.54593267]
[-66.41488562]
[-66.37627791]
[-66.42836352]
[-66.34689743]
[-66.42984355]
[-66.46700995]
[-66.32759454]
[-66.5207742]
[-66.31003726]
[-66.3443553]
[-66.3329572]
[-66.44216]
[-66.42919748]
[-66.42703082]
[-66.42500721]
[-66.42955482]
[-66.28620757]
[-66.47643109]
[-66.22040544]
[-66.27833627]
[-66.4274191]
[-66.40543126]
[-66.38360729]
[-66.53844726]
[-66.55747677]
[-66.33776562]
[-66.4510088]
[-66.58016459]
[-66.3671422]
[-66.27663482]
[-66.42640167]
[-66.37023607]
[-66.58833143]
[-66.47128338]
[-66.25827212]
[-66.35997601]
[-66.34854585]
[-66.48384639]
[-66.60908128]
[-66.28723574]
[-66.45679331]
[-66.48706903]
[-66.47611862]
[-66.32695932]
[-66.48524223]
[-66.29006906]
[-66.52263637]
[-66.39747124]
[-66.58284565]
[-66.46585607]
[-66.52436595]
[-66.4746391]
[-66.3715144]
[-66.46529439]
[-66.32020888]
[-66.51728836]
[-66.54544367]
[-66.54249648]
[-66.33500645]
[-66.37079974]
[-66.28882566]
[-66.44215417]
[-66.34871734]
[-66.41538379]
[-66.53913621]
[-66.2544235]
[-66.37403114]
[-66.40593012]
[-66.42741433]
[-66.56140314]
[-66.2940117]
[-66.38463031]
[-66.4210386]
[-66.62625242]
[-66.46473305]
[-66.31356465]
[-66.43449985]
[-66.44619345]
[-66.30517099]
[-66.37719678]
[-66.30099327]
[-66.28308335]
[-66.56034696]
[-66.4569242]
[-66.47591108]
[-66.51160184]
[-66.27239982]
[-66.24184794]
[-66.51179609]
[-66.40145304]
[-66.45054096]
[-66.37781151]
[-66.54515234]
[-66.39036855]
[-66.4146142]
[-66.47358112]
[-66.50187228]
[-66.47856356]
[-66.29961043]
[-66.46752487]
[-66.44109905]
[-66.42815231]
[-66.25896134]
[-66.47552664]
[-66.27396958]
[-66.47959216]
[-66.49911693]
[-66.42242268]
[-66.45163177]
[-66.46900131]
[-66.39730182]
[-66.49321705]
[-66.41500153]
[-66.31590248]
[-66.39037214]
[-66.45514593]
[-66.50842407]
[-66.35132545]
[-66.25940087]
[-66.3974743]
[-66.47962103]
[-66.5393297]
[-66.67413559]
[-66.49783086]
[-66.33136311]
[-66.15839862]
[-66.40445323]
[-66.41263339]
[-66.44765454]
[-66.48554611]
[-66.399782]
[-66.65889106]
[-66.6546445]
[-66.46088022]
[-66.45599108]
[-66.51457888]
[-66.50008194]
[-66.27681794]
[-66.48156274]
[-66.40910936]
[-66.45238646]
[-66.39450603]
[-66.49293117]
[-66.4895511]
[-66.49410456]
[-66.27880363]
[-66.43933702]
[-66.4527666]
[-66.33870423]
[-66.48178397]
[-66.46639778]
[-66.32948794]
[-66.31153968]
[-66.48380694]
[-66.49246328]
[-66.39228775]
[-66.53594988]
[-66.3315468]
[-66.52756672]
[-66.30653539]
[-66.49340583]
[-66.42272333]
[-66.36070768]
[-66.39487526]
[-66.14616732]
[-66.43140159]
[-66.6293864]
[-66.44834111]
[-66.45499985]
[-66.33011244]
[-66.41692235]
[-66.38778696]
[-66.31122877]
[-66.34253224]
[-66.26911086]
[-66.45005418]
[-66.46075067]
[-66.47737571]
[-66.40219913]
[-66.52780413]
[-66.45262921]
[-66.41632346]
[-66.53355157]
[-66.47382656]
[-66.47396025]
[-66.43491433]
[-66.33729866]
[-66.37496459]
[-66.42935674]
[-66.32903347]
[-66.48128207]
[-66.18923752]
[-66.48739719]
[-66.29422315]
[-66.29459733]
[-66.31394299]
[-66.34004137]
[-66.49938695]
[-66.50135734]
[-66.37165758]
[-66.37816791]
[-66.45228286]
[-66.40158885]
[-66.42578967]
[-66.27506908]
[-66.40498041]
[-66.46795756]
[-66.55050664]
[-66.35285615]
[-66.4535577]
[-66.4650186]
[-66.41206264]
[-66.42383779]
[-66.40825607]
[-66.40073413]
[-66.43884119]
[-66.40881523]
[-66.42753536]
[-66.43064419]
[-66.39609674]
[-66.3771008]
[-66.39839314]
[-66.31913655]
[-66.38459663]
[-66.51595948]
[-66.48753715]
[-66.58966882]
[-66.44252875]
[-66.3515126]
[-66.51770529]
[-66.28787077]
[-66.48443233]
[-66.34997727]
[-66.45975942]
[-66.38415086]
[-66.48314805]
[-66.35226172]
[-66.37944461]
[-66.38683475]
[-66.40375919]
[-66.50327025]
[-66.51254804]
[-66.25636788]
[-66.42084147]
[-66.43366533]
[-66.26681589]
[-66.20163412]
[-66.3299346]
[-66.45316867]
[-66.30357837]
[-66.66443075]
[-66.40053543]
[-66.33679472]
[-66.42497827]
[-66.38948683]
[-66.41692153]
[-66.49280176]
[-66.42090378]
[-66.62755333]
[-66.45918368]
[-66.5193926]
[-66.37689415]
[-66.44587739]
[-66.28861853]
[-66.43773375]
[-66.28460738]
[-66.45906368]
[-66.52766458]
[-66.37804911]
[-66.37419053]
[-66.35660267]
[-66.39952061]
[-66.61371421]
[-66.55217371]
[-66.28141176]
[-66.33364245]
[-66.45511497]
[-66.44282826]
[-66.60107505]
[-66.49663448]
[-66.36128366]
[-66.47068992]
[-66.33870343]
[-66.42758889]
[-66.3269466]
[-66.51196032]
[-66.55395774]
[-66.30086747]
[-66.44626492]
[-66.50304441]
[-66.63165226]
[-66.34655234]
[-66.36057613]
[-66.37910759]
[-66.44646767]
[-66.4771024]
[-66.61045908]
[-66.4877019]
[-66.52886239]
[-66.48280755]
[-66.42159562]
[-66.42127171]
[-66.33121836]
[-66.35771692]
[-66.54502295]
[-66.52237265]
[-66.2169964]
[-66.41255806]
[-66.34258671]
[-66.51608909]
[-66.48216685]
[-66.55356592]
[-66.45672966]
[-66.35284721]
[-66.37437886]
[-66.25463381]
[-66.3084028]
[-66.32157372]
[-66.33099854]
[-66.3608418]
[-66.46827251]
[-66.49053513]
[-66.43092991]
[-66.46233797]
[-66.37219457]
[-66.50158599]
[-66.32127464]
[-66.46152439]
[-66.4909376]
[-66.52500556]
[-66.55764771]
[-66.53972451]
[-66.4933969]
[-66.5855875]
[-66.55775625]
[-66.47583191]
[-66.44201744]
[-66.35330887]
[-66.41676766]
[-66.31752195]
[-66.42958772]
[-66.35512902]
[-66.33467703]
[-66.40199903]
[-66.41377109]
[-66.36631189]
[-66.27980631]
[-66.36784856]
[-66.55707095]
[-66.51740932]
[-66.46871643]
[-66.44912851]
[-66.4172694]
[-66.54870413]
[-66.53395829]
[-66.25039728]
[-66.30288338]
[-66.21139643]
[-66.54131132]
[-66.26723339]
[-66.32182033]
[-66.44528694]
[-66.48402838]
[-66.48475629]
[-66.42360537]
[-66.45461541]
[-66.5407546]
[-66.54195744]
[-66.49409932]
[-66.54451084]
[-66.52470185]
[-66.35679501]
[-66.52009643]
[-66.48106569]
[-66.4125072]
[-66.48118071]
[-66.31719238]
[-66.4687001]
[-66.58815276]
[-66.37272817]
[-66.43715943]
[-66.28997509]
[-66.40688434]
[-66.4667554]
[-66.46044086]
[-66.29416091]
[-66.28970422]
[-66.50368331]
[-66.3782203]
[-66.39247439]
[-66.39954391]
[-66.44098407]
[-66.35043801]
[-66.38702591]
[-66.5972405]
[-66.38144265]
[-66.48379101]
[-66.37603592]
[-66.31002302]
[-66.38741445]
[-66.49031578]
[-66.42291017]
[-66.60119382]
[-66.49932708]
[-66.29263511]
[-66.41661598]
[-66.29392696]
[-66.50510516]
[-66.6919416]
[-66.48831929]
[-66.34795042]
[-66.39647274]
[-66.39059224]
[-66.5302781]
[-66.48781101]
[-66.47847796]
[-66.38594387]
[-66.46829896]
[-66.51274573]
[-66.50593047]
[-66.39400238]
[-66.51288831]
[-66.5975376]
[-66.33174054]
[-66.21814633]
[-66.5527579]
[-66.3658337]
[-66.25490171]
[-66.47094786]
[-66.47717564]
[-66.38122293]
[-66.25046511]
[-66.44304694]
[-66.29617139]
[-66.47956515]
[-66.38566805]
[-66.38897204]
[-66.42226791]
[-66.27038749]
[-66.28977298]
[-66.32250744]
[-66.34098991]
[-66.32835615]
[-66.44519599]
[-66.40870142]
[-66.38394562]
[-66.42124685]
[-66.50675198]
[-66.22370505]
[-66.49556786]
[-66.43251882]
[-66.43784857]
[-66.39258125]
[-66.2319518]
[-66.49327152]
[-66.50322178]
[-66.39693684]
[-66.53860189]
[-66.48967515]
[-66.35394398]
[-66.61075009]
[-66.45231199]
[-66.37055115]
[-66.40628142]
[-66.49208306]
[-66.55827087]
[-66.41729526]
[-66.37116978]
[-66.30921617]
[-66.40739378]
[-66.52137895]
[-66.34698045]
[-66.45309124]
[-66.35857734]
[-66.45033386]
[-66.31631428]
[-66.3836486]
[-66.55075268]
[-66.34545599]
[-66.4261921]
[-66.53660803]
[-66.32499087]
[-66.2380706]
[-66.40713195]
[-66.40110876]
[-66.45766101]
[-66.7089627]
[-66.19250103]
[-66.54194778]
[-66.30529945]
[-66.60248749]
[-66.49154511]
[-66.36004392]
[-66.54683624]
[-66.43299133]
[-66.41651649]
[-66.47014393]
[-66.59264925]
[-66.29196799]
[-66.47007942]
[-66.57965959]
[-66.3798301]
[-66.4047433]
[-66.4451279]
[-66.51263189]
[-66.37580368]
[-66.46778426]
[-66.22346316]
[-66.51642304]
[-66.56020349]
[-66.59086104]
[-66.54136555]
[-66.49508652]
[-66.45343191]
[-66.34916633]
[-66.58666538]
[-66.4773873]
[-66.28312846]
[-66.49546438]
[-66.61000937]
[-66.36124439]
[-66.50707122]
[-66.22445591]
[-66.55101757]
[-66.43122524]
[-66.41288572]
[-66.43133838]
[-66.32202921]
[-66.3264885]
[-66.48039025]
[-66.52376112]
[-66.4140828]
[-66.58849178]
[-66.5045595]
[-66.56049218]
[-66.37615209]
[-66.33448477]
[-66.34469052]
[-66.37071147]
[-66.38428256]
[-66.3352782]
[-66.51537483]
[-66.46162945]
[-66.38263149]
[-66.47139179]
[-66.51259691]
[-66.43578257]
[-66.46947553]
[-66.52871742]
[-66.50795923]
[-66.43741663]
[-66.21374403]
[-66.42931904]
[-66.46817244]
[-66.46561473]
[-66.37166857]
[-66.31097708]
[-66.40768816]
[-66.43439335]
[-66.38520344]
[-66.35699675]
[-66.49727289]
[-66.57477014]
[-66.58199785]
[-66.55604494]
[-66.31483867]
[-66.4717449]
[-66.43643779]
[-66.48135155]
[-66.45586278]
[-66.36032582]
[-66.46005139]
[-66.35301804]
[-66.52321554]
[-66.50613262]
[-66.46185461]
[-66.44697444]
[-66.40799375]
[-66.37348929]
[-66.42694087]
[-66.41801765]
[-66.24169097]
[-66.4425446]
[-66.43675983]
[-66.41130693]
[-66.36269375]
[-66.43752983]
[-66.54680774]
[-66.4236504]
[-66.45652938]
[-66.42849961]
[-66.4490653]
[-66.46618994]
[-66.46793365]
[-66.46202404]
[-66.429901]
[-66.51666191]
[-66.3313659]
[-66.43456249]
[-66.39385798]
[-66.49053211]
[-66.41595042]
[-66.34500053]
[-66.52718131]
[-66.49234065]
[-66.33435915]
[-66.42840175]
[-66.48025665]
[-66.49995104]
[-66.47931178]
[-66.45661164]
[-66.32089041]
[-66.53670574]
[-66.40393267]
[-66.52547305]
[-66.63500113]
[-66.45169485]
[-66.41250666]
[-66.50371672]
[-66.34110953]
[-66.52043774]
[-66.29472714]
[-66.37867574]
[-66.57235434]
[-66.58684113]
[-66.48440405]
[-66.46935594]
[-66.42992787]
[-66.50293725]
[-66.24998386]
[-66.45257448]
[-66.39606636]
[-66.53473829]
[-66.37341438]
[-66.50680238]
[-66.44378357]
[-66.48559727]
[-66.43449443]
[-66.44318715]
[-66.37679904]
[-66.47425208]
[-66.46016944]
[-66.57001438]
[-66.45973899]
[-66.48214736]
[-66.44209997]
[-66.56257831]
[-66.31608037]
[-66.41515894]
[-66.52386913]
[-66.30009837]
[-66.23637955]
[-66.50653844]
[-66.41110926]
[-66.46383541]
[-66.50091106]
[-66.42309362]
[-66.41496861]
[-66.56554664]
[-66.41264038]
[-66.56823174]
[-66.51048899]
[-66.3801747]
[-66.44372559]
[-66.39173015]
[-66.49830099]
[-66.48826028]
[-66.650705]
[-66.48320649]
[-66.48236028]
[-66.31254941]
[-66.54027746]
[-66.6255998]
[-66.42830978]
[-66.4470487]
[-66.58863886]
[-66.52293218]
[-66.48762577]
[-66.3331259]
[-66.50804246]
[-66.33356848]
[-66.56031679]
[-66.55345848]
[-66.41339624]
[-66.43438318]
[-66.44215546]
[-66.61912545]
[-66.44378571]
[-66.4908869]
[-66.43081032]
[-66.55107112]
[-66.38950647]
[-66.44797996]
[-66.5483644]
[-66.44086565]
[-66.47378706]
[-66.52804848]
[-66.21528896]
[-66.42902427]
[-66.48102354]
[-66.56716885]
[-66.35503444]
[-66.50515319]
[-66.45077995]
[-66.40600564]
[-66.44349442]
[-66.54551616]
[-66.43482436]
[-66.51855205]
[-66.52268299]
[-66.57363731]
[-66.3702254]
[-66.51250698]
[-66.5195292]
[-66.52903217]
[-66.54346632]
[-66.44286141]
[-66.46947873]
[-66.62186722]
[-66.50888042]
[-66.42213052]
[-66.41031291]
[-66.32760146]
[-66.46244472]
[-66.54684401]
[-66.43997028]
[-66.49693597]
[-66.48082932]
[-66.53262882]
[-66.37263911]
[-66.54405357]
[-66.48698889]
[-66.50892218]
[-66.37663457]
[-66.44693546]
[-66.45339812]
[-66.59221396]
[-66.4614732]
[-66.53913292]
[-66.33268729]
[-66.64679617]
[-66.49219748]
[-66.44620044]
[-66.64891016]
[-66.39541297]
[-66.53183013]
[-66.42026598]
[-66.34555446]
[-66.36449356]
[-66.42459484]
[-66.3223762]
[-66.54548521]
[-66.27504664]
[-66.46235244]
[-66.4293996]
[-66.38586378]
[-66.39716922]
[-66.46515008]
[-66.51745254]
[-66.36881722]
[-66.47621175]
[-66.36209999]
[-66.40365952]
[-66.4308371]
[-66.45165956]
[-66.58513705]
[-66.5181965]
[-66.4023668]
[-66.44290292]
[-66.36271376]
[-66.42405839]
[-66.26090232]
[-66.37185723]
[-66.42260716]
[-66.27538884]
[-66.31377243]
[-66.52666865]
[-66.59063537]
[-66.46093727]
[-66.61293002]
[-66.51587778]
[-66.57067558]
[-66.63075599]
[-66.59721498]
[-66.43274242]
[-66.42286994]
[-66.44732294]
[-66.46795308]
[-66.62340101]
[-66.45910631]
[-66.3486222]
[-66.44374367]
[-66.47014378]
[-66.41969226]
[-66.33216709]
[-66.6604512]
[-66.41728113]
[-66.46181122]
[-66.41865763]
[-66.63769822]
[-66.40456446]
[-66.35144461]
[-66.45838562]
[-66.37411789]
[-66.33887971]
[-66.3999459]
[-66.42865464]
[-66.43223595]
[-66.28564429]
[-66.31557237]
[-66.54214277]
[-66.37490812]
[-66.46191972]
[-66.57203706]
[-66.34595444]
[-66.5644495]
[-66.24100215]
[-66.37878841]
[-66.57876401]
[-66.3053371]
[-66.47400302]
[-66.37745402]
[-66.4109203]
[-66.3400686]
[-66.61255209]
[-66.42427595]
[-66.4773906]
[-66.42801374]
[-66.37260563]
[-66.37919852]
[-66.42705499]
[-66.31821582]
[-66.53223604]
[-66.34328784]
[-66.58499647]
[-66.61260115]
[-66.41177257]
[-66.43839025]
[-66.54868285]
[-66.4144166]
[-66.62306348]
[-66.43051972]
[-66.52445256]
[-66.39865479]
[-66.41473865]
[-66.28676185]
[-66.40409196]
[-66.49755361]
[-66.37926961]
[-66.44393909]
[-66.58318106]
[-66.49857756]
[-66.27119769]
[-66.4674944]
[-66.58003207]
[-66.55482989]
[-66.46483934]
[-66.45768301]
[-66.30005291]
[-66.59946587]
[-66.62695065]
[-66.45560021]
[-66.52604866]
[-66.48824697]
[-66.58427423]
[-66.31046301]
[-66.24830937]
[-66.52896027]
[-66.59362222]
[-66.34378976]
[-66.61385332]
[-66.41719234]
[-66.55769431]
[-66.5490648]
[-66.35854764]
[-66.45036879]
[-66.48280825]
[-66.59901065]
[-66.43286074]
[-66.41281692]
[-66.43658075]
[-66.31883473]
[-66.39121312]
[-66.294709]
[-66.42535048]
[-66.40246851]
[-66.33286506]
[-66.42971629]
[-66.42531604]
[-66.40209537]
[-66.40351902]
[-66.65690501]
[-66.42614763]
[-66.34715593]
[-66.37502465]
[-66.24174719]
[-66.43106582]
[-66.57788762]
[-66.49522001]
[-66.39363076]
[-66.40060941]
[-66.50510321]
[-66.32688397]
[-66.32110093]
[-66.63391346]
[-66.44647115]
[-66.46757117]
[-66.48746952]
[-66.39112999]
[-66.46084489]
[-66.41703979]
[-66.61147647]
[-66.41869942]
[-66.52871932]
[-66.56144506]
[-66.35192102]
[-66.49348141]
[-66.30301386]
[-66.31369754]
[-66.42295268]
[-66.42569474]
[-66.41056358]
[-66.29022691]
[-66.49106046]
[-66.24258898]
[-66.43860133]
[-66.44605418]
[-66.4745294]
[-66.5920448]
[-66.42504293]
[-66.19485292]
[-66.54756066]
[-66.4546646]
[-66.44427406]
[-66.4522081]
[-66.46995968]
[-66.54254014]
[-66.44716362]
[-66.2902513]
[-66.49041136]
[-66.40254986]
[-66.25488638]
[-66.53463981]
[-66.38843951]
[-66.38755037]
[-66.35025335]
[-66.43548436]
[-66.3844114]
[-66.44877553]
[-66.4449036]
[-66.50874366]
[-66.5053326]
[-66.50684294]
[-66.46374565]
[-66.47304137]
[-66.46844919]
[-66.46624745]
[-66.30401035]
[-66.68509886]
[-66.46305172]
[-66.50457979]
[-66.61834751]
[-66.4914666]
[-66.37275163]
[-66.52684042]
[-66.40953042]
[-66.50934714]
[-66.26351961]
[-66.35951096]
[-66.40225441]
[-66.53136777]
[-66.38053931]
[-66.48791966]
[-66.46718446]
[-66.51398582]
[-66.36861085]
[-66.60822426]
[-66.51380094]
[-66.48429747]
[-66.27275873]
[-66.50253142]
[-66.39386741]
[-66.32026935]
[-66.61204188]
[-66.25738977]
[-66.53495259]
[-66.23738421]
[-66.60641689]
[-66.37801143]
[-66.40594792]
[-66.47171339]
[-66.57437764]
[-66.31749034]
[-66.47873285]
[-66.30322487]
[-66.3002064]
[-66.30389807]
[-66.54568491]
[-66.52895914]
[-66.41522191]
[-66.24207194]
[-66.44657832]
[-66.47348494]
[-66.45536789]
[-66.43900969]
[-66.48591339]
[-66.36378898]
[-66.37450552]
[-66.36052161]
[-66.38163937]
[-66.49992374]
[-66.45376665]
[-66.47508211]
[-66.42411925]
[-66.45996386]
[-66.34867945]
[-66.32804618]
[-66.35788703]
[-66.3446789]
[-66.50225717]
[-66.34439392]
[-66.08422707]
[-66.41859038]
[-66.33850661]
[-66.32915153]
[-66.45219409]
[-66.53779122]
[-66.45399356]
[-66.41414064]
[-66.42970752]
[-66.39909201]
[-66.24818115]
[-66.33317429]
[-66.51918056]
[-66.42598527]
[-66.29046125]
[-66.39550089]
[-66.31639677]
[-66.47595754]
[-66.36766369]
[-66.20158197]
[-66.44303632]
[-66.39524448]
[-66.42780433]
[-66.35875978]
[-66.57550834]
[-66.51009851]
[-66.44664184]
[-66.41009775]
[-66.45690066]
[-66.57768184]
[-66.32105904]
[-66.3497927]
[-66.40401141]
[-66.38184806]
[-66.40171683]
[-66.42299744]
[-66.41879823]
[-66.29747774]
[-66.4172844]
[-66.42731899]
[-66.50772197]
[-66.57533793]
[-66.50426204]
[-66.50494904]
[-66.50810652]
[-66.45969593]
[-66.34926899]
[-66.54961244]
[-66.47738408]
[-66.48053014]
[-66.32117014]
[-66.53423425]
[-66.44928919]
[-66.55231688]
[-66.4728352]
[-66.42918507]
[-66.31005292]
[-66.48939146]
[-66.38078645]
[-66.47705217]
[-66.58655847]
[-66.31285096]
[-66.50221844]
[-66.50585278]
[-66.5584762]
[-66.38618235]
[-66.27502631]
[-66.49475193]
[-66.46932886]
[-66.39902179]
[-66.39379743]
[-66.32219691]
[-66.48075188]
[-66.51388425]
[-66.32812964]
[-66.43997717]
[-66.49626374]
[-66.36823818]
[-66.46337159]
[-66.33123766]
[-66.66653437]
[-66.58993057]
[-66.69836293]
[-66.53992889]
[-66.43567105]
[-66.38784446]
[-66.46232056]
[-66.34535763]
[-66.22936035]
[-66.24701025]
[-66.50057049]
[-66.45335448]
[-66.4975474]
[-66.47979408]
[-66.5004168]
[-66.52740416]
[-66.3980403]
[-66.48728545]
[-66.46704186]
[-66.39836332]
[-66.26059019]
[-66.56333669]
[-66.35166544]
[-66.42553223]
[-66.37556615]
[-66.51073224]
[-66.36151745]
[-66.41719304]
[-66.5625656]
[-66.48688481]
[-66.54668549]
[-66.46222814]
[-66.37181292]
[-66.58675133]
[-66.48280844]
[-66.51636316]
[-66.35660584]
[-66.43737453]
[-66.46089914]
[-66.53352888]
[-66.3092212]
[-66.38508955]
