[-70.74380811]
[-70.75626547]
[-70.62996238]
[-70.73151232]
[-70.71825683]
[-70.80112022]
[-70.66987022]
[-70.61587589]
[-70.81883365]
[-70.70967624]
[-70.74029667]
[-70.755618]
[-70.83812649]
[-70.86719723]
[-70.73020012]
[-70.7968144]
[-70.83190858]
[-70.80845172]
[-70.60536971]
[-70.68091153]
[-70.56790335]
[-70.58482005]
[-70.74349106]
[-70.77989221]
[-70.65760333]
[-70.61768562]
[-70.71789299]
[-70.7449232]
[-70.84872022]
[-70.6484315]
[-70.77466456]
[-70.77515647]
[-70.58394139]
[-70.56911213]
[-70.79975759]
[-70.63627183]
[-70.65778585]
[-70.63328664]
[-70.81719349]
[-70.75994649]
[-70.6842746]
[-70.87735722]
[-70.76198451]
[-70.73509969]
[-70.81489965]
[-70.62169285]
[-70.91042518]
[-70.87369083]
[-70.65830564]
[-70.77825783]
[-70.79975496]
[-70.63148589]
[-70.86535775]
[-70.69488826]
[-70.6821883]
[-70.62974932]
[-70.70145468]
[-70.74579351]
[-70.8354998]
[-70.77885808]
[-70.67844073]
[-70.65967343]
[-70.74470613]
[-70.68528288]
[-71.00329559]
[-70.78109507]
[-70.73673634]
[-70.55144186]
[-70.8201526]
[-70.72017274]
[-70.81721259]
[-70.56023803]
[-70.88350812]
[-70.59556073]
[-70.84482108]
[-70.9232607]
[-70.86899475]
[-70.66935845]
[-70.81501685]
[-70.9291181]
[-70.81618849]
[-70.7526736]
[-70.76505373]
[-70.89462956]
[-70.81004292]
[-70.6402789]
[-70.83688027]
[-70.69647942]
[-70.6945737]
[-70.79140288]
[-70.73306356]
[-70.61813785]
[-70.61779497]
[-70.66214816]
[-70.49428612]
[-70.99013745]
[-70.78347221]
[-70.80521588]
[-70.98846272]
[-70.76655942]
[-70.75018661]
[-70.7281139]
[-70.87392963]
[-70.6904144]
[-70.76474079]
[-70.7383124]
[-70.83749872]
[-70.69631593]
[-70.71727641]
[-70.67570828]
[-70.69598756]
[-70.73061332]
[-70.9538849]
[-70.74288991]
[-70.93855884]
[-70.67107448]
[-70.90951755]
[-70.70463692]
[-70.97238575]
[-70.95308165]
[-70.83294522]
[-70.6311396]
[-70.87783111]
[-70.85799516]
[-70.8756976]
[-70.79526304]
[-70.70697078]
[-70.75616935]
[-70.65798716]
[-70.76950481]
[-70.7095765]
[-70.88430323]
[-70.81127976]
[-70.81009449]
[-70.74905873]
[-70.77630281]
[-70.91168818]
[-70.7715564]
[-70.70359038]
[-70.98535403]
[-70.68747394]
[-70.60486276]
[-70.74082864]
[-70.63335425]
[-70.79053579]
[-70.8735152]
[-70.78792084]
[-70.61490159]
[-70.84965451]
[-70.73018312]
[-70.89418729]
[-70.91398283]
[-70.92055463]
[-71.04524674]
[-70.61850667]
[-70.87721147]
[-70.87443812]
[-70.77379685]
[-70.7694923]
[-70.78895015]
[-70.94604897]
[-70.8877755]
[-70.8894185]
[-70.68922126]
[-70.76417271]
[-70.93041839]
[-70.83865682]
[-70.86901606]
[-70.52155727]
[-70.76307248]
[-70.69284232]
[-70.74078005]
[-70.70832001]
[-70.54486741]
[-70.71503253]
[-70.68515405]
[-70.8288192]
[-70.79644977]
[-70.98474184]
[-70.92227476]
[-70.82384235]
[-70.66572386]
[-71.01347191]
[-70.58445621]
[-70.77296756]
[-70.8015376]
[-70.87893388]
[-70.60940513]
[-70.68302548]
[-70.61155471]
[-70.78701924]
[-70.79282073]
[-70.81049459]
[-70.69441324]
[-70.85087968]
[-70.67032713]
[-70.66511891]
[-70.87749963]
[-70.68642579]
[-70.62572183]
[-70.72068139]
[-70.80826197]
[-70.74212525]
[-70.87021004]
[-70.89011469]
[-70.72225208]
[-70.80592414]
[-70.83701275]
[-70.73381178]
[-70.64774031]
[-70.70693131]
[-70.45405504]
[-70.58728255]
[-70.72046883]
[-70.72813295]
[-70.53935177]
[-70.60152374]
[-70.7990647]
[-70.60454695]
[-70.64889864]
[-70.62155179]
[-70.9294913]
[-70.76868989]
[-70.79840657]
[-70.828407]
[-70.77406255]
[-70.58002393]
[-70.95040819]
[-70.85532335]
[-70.76557882]
[-70.77194758]
[-70.88391252]
[-70.68079422]
[-70.70901082]
[-70.60310377]
[-70.85071543]
[-70.68199615]
[-70.73106247]
[-70.70915085]
[-70.65953744]
[-70.64988399]
[-70.83831745]
[-70.78593399]
[-70.82583078]
[-70.68837825]
[-70.84855783]
[-70.74445041]
[-70.60429222]
[-70.86910681]
[-70.94822746]
[-70.82725817]
[-70.74001645]
[-70.90773984]
[-70.79547337]
[-70.86696373]
[-70.78822014]
[-70.95988878]
[-70.89629525]
[-70.69407288]
[-70.51548254]
[-70.60312226]
[-70.6274767]
[-70.68013002]
[-70.73009383]
[-70.89686666]
[-70.95092366]
[-70.66802729]
[-70.90502049]
[-70.72342068]
[-70.8653738]
[-70.74798954]
[-70.83360629]
[-70.93199232]
[-70.85139791]
[-70.83071133]
[-70.60312106]
[-70.70349529]
[-70.6759211]
[-70.57414388]
[-70.55904979]
[-70.56458287]
[-70.70395753]
[-70.72997391]
[-70.70942938]
[-70.90383623]
[-70.83289902]
[-70.83194576]
[-70.8382891]
[-70.64104927]
[-70.67706851]
[-70.76252105]
[-70.77360183]
[-70.76670016]
[-70.67943794]
[-70.86753615]
[-70.85382953]
[-70.84602076]
[-70.87805723]
[-70.87785625]
[-70.75422415]
[-70.77873249]
[-70.59118275]
[-70.6441217]
[-70.679294]
[-70.77260186]
[-70.7499381]
[-70.84398051]
[-70.60370043]
[-70.72638212]
[-70.82149359]
[-70.77418361]
[-70.803734]
[-70.78543988]
[-70.73702938]
[-70.74979032]
[-70.84096313]
[-70.64681279]
[-70.69427254]
[-70.71943871]
[-70.65109669]
[-70.71449861]
[-70.82003209]
[-70.77844904]
[-70.86695057]
[-70.91208498]
[-70.66552945]
[-70.62619246]
[-70.68522781]
[-70.81326146]
[-70.9325545]
[-70.74601918]
[-70.68678457]
[-70.68097835]
[-70.77231638]
[-70.66095158]
[-70.72441816]
[-70.66849237]
[-70.86922767]
[-70.66290979]
[-70.5334885]
[-70.65066733]
[-70.86808591]
[-70.71792093]
[-70.54961157]
[-70.56769703]
[-70.76888745]
[-70.77251172]
[-70.81845376]
[-70.68134566]
[-70.73327287]
[-70.7182341]
[-70.90598167]
[-70.61034963]
[-70.5335117]
[-70.79271161]
[-70.7791262]
[-70.66771691]
[-70.86690786]
[-70.69889195]
[-70.68775873]
[-70.79294874]
[-70.86102795]
[-70.79250549]
[-70.87253145]
[-70.911459]
[-70.87248447]
[-70.79667367]
[-70.88476503]
[-70.74408451]
[-70.71011252]
[-70.74481048]
[-70.86627896]
[-70.77039598]
[-70.67092286]
[-70.82554221]
[-70.89368101]
[-70.83917358]
[-70.54619326]
[-70.7483368]
[-70.81153155]
[-70.72723577]
[-70.69557116]
[-70.83040386]
[-70.77196903]
[-70.67247951]
[-70.75635624]
[-70.89011008]
[-70.84528839]
[-71.00706156]
[-70.74450071]
[-70.94353077]
[-70.56742622]
[-70.95501701]
[-70.72957016]
[-70.70825132]
[-70.70404705]
[-70.93581544]
[-70.68870529]
[-70.68931037]
[-70.68383743]
[-70.64493651]
[-70.63372577]
[-70.82175402]
[-70.91972901]
[-70.74030446]
[-70.96310639]
[-70.87631111]
[-70.74775454]
[-70.62352813]
[-70.71599824]
[-70.68973844]
[-70.69101401]
[-70.69069974]
[-70.84056934]
[-70.7602409]
[-70.95540942]
[-70.7644728]
[-70.67263805]
[-70.77213154]
[-70.82719246]
[-70.87524997]
[-70.83837768]
[-70.68933266]
[-70.66058472]
[-70.67680642]
[-70.94458089]
[-70.742308]
[-70.67579276]
[-70.726893]
[-70.5856464]
[-70.77373105]
[-70.75664431]
[-70.71476907]
[-70.69352763]
[-70.83511276]
[-70.62288077]
[-70.8394472]
[-70.75341221]
[-70.8379504]
[-70.81537564]
[-70.82588367]
[-70.76658763]
[-70.79486106]
[-70.72765619]
[-70.91910148]
[-70.92121408]
[-70.8913872]
[-70.83183021]
[-70.65479635]
[-70.7042912]
[-70.66034907]
[-70.80786003]
[-71.00553092]
[-70.73927836]
[-70.59944746]
[-70.87707879]
[-70.75490511]
[-70.83080633]
[-70.76852376]
[-70.78053779]
[-70.77723621]
[-70.768892]
[-70.96292843]
[-70.9565224]
[-70.90014306]
[-70.84203397]
[-70.81757308]
[-70.77965921]
[-70.95513242]
[-70.71834176]
[-70.64079513]
[-70.8609884]
[-70.99577165]
[-70.77702504]
[-70.81835832]
[-70.63022614]
[-70.78617775]
[-70.82558425]
[-70.64027171]
[-70.89857863]
[-70.95785522]
[-70.76529931]
[-70.82904674]
[-70.87438167]
[-70.61651755]
[-70.73666174]
[-70.74730601]
[-70.95664204]
[-70.9283863]
[-70.71227126]
[-70.8205595]
[-70.87118018]
[-70.89785605]
[-70.91516759]
[-70.84494106]
[-70.82976763]
[-70.90636179]
[-70.80453002]
[-70.68200908]
[-70.85343115]
[-70.86447853]
[-70.88167642]
[-70.92940158]
[-70.83593677]
[-70.76546413]
[-70.77682239]
[-70.86989051]
[-70.8146023]
[-70.96140616]
[-70.86449434]
[-70.63530318]
[-70.68867857]
[-70.84290697]
[-70.7319153]
[-70.76442566]
[-70.76881547]
[-70.75120412]
[-70.78492282]
[-70.94043898]
[-70.80775434]
[-70.72787842]
[-70.74631186]
[-71.03950614]
[-70.82648886]
[-70.74086123]
[-70.91440761]
[-71.02081844]
[-70.84781737]
[-70.64690913]
[-70.85605602]
[-70.73189027]
[-70.82633487]
[-70.78385079]
[-70.74454783]
[-70.74989849]
[-70.8149021]
[-70.77790719]
[-70.78446077]
[-70.81500718]
[-70.88235471]
[-70.94153359]
[-70.84902458]
[-70.78318545]
[-70.95299034]
[-70.80889681]
[-70.9103451]
[-70.89882072]
[-70.8986048]
[-70.86690615]
[-70.7354069]
[-70.74489825]
[-70.98073885]
[-70.61155708]
[-70.69985276]
[-70.83069215]
[-70.82887514]
[-70.6416082]
[-70.76050645]
[-70.93715088]
[-70.7914632]
[-70.84131193]
[-70.84220059]
[-70.84415977]
[-70.82199172]
[-70.853895]
[-70.75715316]
[-70.78517446]
[-70.73284843]
[-70.76508044]
[-70.76411265]
[-70.85127722]
[-70.74902681]
[-70.56002479]
[-70.62380492]
[-70.77473255]
[-70.82915673]
[-70.73662385]
[-70.81994836]
[-70.82870894]
[-71.03452806]
[-70.86260351]
[-70.77591332]
[-70.78520007]
[-70.81622936]
[-70.70646772]
[-70.87034]
[-70.77125355]
[-70.80262489]
[-70.71250208]
[-70.64773798]
[-70.86507815]
[-70.74885822]
[-70.53096166]
[-70.81240074]
[-70.64644313]
[-70.86004858]
[-70.78712926]
[-70.8259657]
[-70.84025717]
[-70.87675619]
[-70.78875652]
[-70.87927617]
[-70.88747384]
[-70.78993182]
[-70.86813518]
[-70.73139445]
[-70.85770004]
[-70.72358261]
[-70.78366662]
[-70.83176644]
[-70.76304029]
[-70.81555155]
[-70.92386076]
[-70.79141414]
[-70.64937387]
[-70.58952107]
[-70.80545903]
[-70.67107853]
[-70.64295899]
[-70.71857814]
[-70.73867105]
[-70.87730789]
[-70.75071856]
[-70.88066651]
[-70.81555996]
[-70.84435356]
[-70.80175863]
[-70.81348989]
[-70.81356871]
[-70.66748096]
[-70.69970248]
[-70.67198833]
[-70.70874289]
[-70.79397313]
[-70.6507247]
[-70.86137654]
[-70.87889695]
[-70.90767528]
[-70.86506373]
[-70.88150775]
[-70.79557599]
[-70.79450421]
[-71.00358041]
[-70.88334219]
[-70.8150893]
[-70.86412389]
[-70.89743445]
[-70.74393604]
[-70.95597577]
[-70.75482747]
[-70.82218119]
[-70.85931868]
[-70.60617685]
[-70.87334296]
[-70.90658051]
[-70.81330545]
[-70.778357]
[-70.87798284]
[-70.66250662]
[-70.70031223]
[-70.79744291]
[-70.97290135]
[-70.76340803]
[-70.80007227]
[-70.67945577]
[-70.72234312]
[-70.70970441]
[-70.9030766]
[-70.803843]
[-71.02749433]
[-70.56650202]
[-70.73903389]
[-70.81413561]
[-70.93418446]
[-70.81210644]
[-70.72398651]
[-70.68727704]
[-70.76968659]
[-70.88962635]
[-70.7287217]
[-70.81355744]
[-70.7448316]
[-70.7187097]
[-70.89448567]
[-70.68297984]
[-70.74015265]
[-70.83628979]
[-70.70657299]
[-71.00246392]
[-70.82244339]
[-70.99593571]
[-70.85893371]
[-70.99948602]
[-70.87955614]
[-70.85562928]
[-70.90414773]
[-70.90402449]
[-70.78545437]
[-70.83834025]
[-70.7983779]
[-70.938614]
[-70.80012984]
[-70.67575432]
[-70.63574431]
[-70.81548189]
[-70.87940328]
[-70.70552212]
[-70.90028452]
[-70.75582487]
[-70.79863026]
[-70.80234343]
[-70.85448773]
[-70.82651481]
[-70.80445693]
[-70.66879392]
[-70.85903684]
[-70.77447386]
[-70.72752356]
[-70.88629321]
[-70.7222663]
[-70.84840714]
[-70.75709815]
[-71.0218388]
[-70.81453926]
[-70.60705266]
[-70.80147536]
[-70.56826937]
[-70.67905541]
[-70.64962138]
[-70.88246567]
[-70.83723796]
[-70.7530455]
[-70.84196153]
[-70.78660599]
[-70.88770503]
[-70.67788871]
[-70.74518397]
[-70.72211905]
[-70.86721061]
[-70.87555138]
[-70.74949504]
[-70.71310997]
[-70.76686381]
[-70.9562548]
[-70.82874643]
[-70.70217449]
[-70.76150726]
[-70.80949346]
[-70.90846711]
[-70.69711889]
[-70.70757465]
[-70.70423117]
[-70.81829847]
[-70.73037087]
[-70.61930827]
[-70.87053923]
[-70.93927878]
[-70.74581066]
[-70.70320931]
[-70.60723296]
[-70.80122318]
[-70.80605978]
[-70.50680698]
[-70.72987493]
[-70.64366338]
[-70.6705846]
[-70.87245763]
[-70.75343925]
[-70.77295136]
[-70.61174452]
[-70.67940992]
[-70.9978294]
[-70.7562004]
[-70.70012881]
[-70.68378904]
[-70.91482293]
[-70.70861404]
[-70.86310499]
[-70.71882751]
[-70.76033298]
[-70.55194359]
[-70.79407674]
[-70.64952302]
[-70.91167601]
[-70.83124048]
[-70.79462878]
[-70.7062308]
[-70.49394041]
[-70.78198152]
[-70.83225908]
[-70.7441182]
[-70.79014936]
[-70.77301875]
[-70.79405992]
[-70.86825233]
[-70.67913276]
[-70.65125765]
[-70.88879416]
[-70.94181105]
[-70.87774442]
[-70.88685025]
[-70.74666102]
[-70.7477553]
[-70.8431142]
[-70.82274144]
[-70.89858885]
[-70.94703512]
[-70.76260972]
[-70.94213456]
[-70.85562034]
[-70.71414603]
[-70.81801271]
[-70.86303058]
[-70.73515558]
[-70.70690466]
[-70.71912903]
[-70.79212449]
[-70.67992762]
[-70.89616706]
[-70.71614675]
[-70.77669041]
[-70.85536594]
[-70.87766159]
[-70.90179548]
[-70.67945534]
[-70.94444221]
[-70.83262175]
[-70.92223868]
[-70.84890041]
[-70.76522175]
[-70.84974637]
[-70.89780959]
[-70.90648104]
[-70.9267739]
[-70.82119241]
[-70.88853762]
[-70.76421992]
[-70.84104524]
[-70.77338702]
[-70.76056536]
[-70.65179577]
[-70.86694957]
[-70.87450393]
[-70.73432003]
[-70.97484957]
[-71.06900482]
[-70.98599756]
[-70.85899825]
[-70.81122897]
[-70.800669]
[-70.82250119]
[-70.9412638]
[-70.53074496]
[-70.72965823]
[-70.73131933]
[-70.91669524]
[-70.91455218]
[-70.82331641]
[-70.84234631]
[-70.95870479]
[-70.65342349]
[-70.70978905]
[-70.84674082]
[-70.79022696]
[-70.87031786]
[-70.88528983]
[-70.92127329]
[-70.88050006]
[-70.88042054]
[-71.01916842]
[-70.8048977]
[-70.77843418]
[-70.89253101]
[-70.77125542]
[-71.09748278]
[-70.75964399]
[-70.80240237]
[-70.83690551]
[-70.84220122]
[-70.69105203]
[-70.99011024]
[-70.88622046]
[-70.84680021]
[-70.86565278]
[-70.94721783]
[-70.73792183]
[-70.9923988]
[-70.80833818]
[-70.84461142]
[-70.86723026]
[-70.78323484]
[-70.94112074]
[-70.57074663]
[-70.9916371]
[-70.65175946]
[-70.85719764]
[-70.8590609]
[-70.75739025]
[-70.88343674]
[-70.85704603]
[-70.74813509]
[-70.85648759]
[-70.80372233]
[-70.80727054]
[-70.79812728]
[-70.94618215]
[-70.76709473]
[-71.00400888]
[-70.83025706]
[-70.77728587]
[-70.8063413]
[-70.52890798]
[-70.64322992]
[-70.793409]
[-70.98019537]
[-70.67529468]
[-70.87652604]
[-70.80546584]
[-70.82832664]
[-70.70326716]
[-70.82143442]
[-70.90504025]
[-70.75551376]
[-70.77876878]
[-70.73646826]
[-70.73968446]
[-70.56839389]
[-70.81479164]
[-70.94385675]
[-70.89400728]
[-70.68931367]
[-70.66418897]
[-70.73983224]
[-70.77937554]
[-70.85991411]
[-70.7862531]
[-70.77464517]
[-70.79236236]
[-70.93093802]
[-70.75874563]
[-70.78577105]
[-70.96645826]
[-70.90913763]
[-70.69412983]
[-70.85558085]
[-70.85633579]
[-70.75543017]
[-70.84335501]
[-70.87136244]
[-70.72764227]
[-70.60634552]
[-70.86221092]
[-70.85639424]
[-70.75029779]
[-70.80742836]
[-70.91846003]
[-70.82525261]
[-70.86335771]
[-70.7540974]
[-70.78840305]
[-70.81582874]
[-70.85394071]
[-70.89220685]
[-70.65840793]
[-70.73577587]
[-70.55650067]
[-70.65566901]
[-70.75544598]
[-70.79163124]
[-70.71633966]
[-70.91582288]
[-70.79671068]
[-70.81589825]
[-70.85265753]
[-70.91721489]
[-70.7193736]
[-70.74520593]
[-70.83705502]
[-70.77607122]
[-70.65305157]
[-70.69888041]
[-70.68964731]
[-70.6605148]
[-70.81011152]
[-70.66960723]
[-70.9337576]
[-70.77107759]
[-70.92974865]
[-70.59621864]
[-70.86445099]
[-70.96120547]
[-70.94522986]
[-70.90019057]
[-70.87899958]
[-70.86121242]
[-71.0725071]
[-70.96596308]
[-70.74315795]
[-70.78255776]
[-70.72785086]
[-70.74912623]
[-70.98060026]
[-70.68508991]
[-70.94134831]
[-70.89034008]
[-70.79895019]
[-70.90121302]
[-70.8034647]
[-70.91092611]
[-70.73223268]
[-70.65539652]
[-70.9044603]
[-70.70449351]
[-70.99051154]
[-70.75437793]
[-70.91706137]
[-70.82693267]
[-70.89087673]
[-70.81565907]
[-70.83119078]
[-70.83698585]
[-70.83740877]
[-70.58783558]
[-70.79613801]
[-70.90968088]
[-70.9447214]
[-70.85964897]
[-70.6814758]
[-70.76428908]
[-70.68464075]
[-70.83059073]
[-70.66987986]
[-70.81172857]
[-70.80380345]
[-70.70251982]
[-70.71191467]
[-70.81954978]
[-70.62851979]
[-70.77895263]
[-70.94451075]
[-70.96468376]
[-70.8026195]
[-70.7138472]
[-70.44047551]
[-70.69999894]
[-70.66174609]
[-70.59913156]
[-70.67381872]
[-70.78201903]
[-70.86362087]
[-70.78579393]
[-70.95278059]
[-70.667097]
[-70.73643688]
[-70.87955631]
[-70.85699525]
[-70.75408857]
[-70.88687935]
[-70.74546721]
[-70.53046191]
[-70.90058971]
[-70.93091821]
[-70.72879765]
[-70.770512]
[-70.84061683]
[-70.64541796]
[-70.8784781]
[-70.84267327]
[-70.95389597]
[-70.72138566]
[-70.77309135]
[-70.92831696]
[-70.80243558]
[-70.77718467]
[-70.70234015]
[-70.78224681]
[-70.77663364]
[-70.95609104]
[-70.71204503]
[-70.87383827]
[-70.71156195]
[-70.72856734]
[-70.82651771]
[-70.86946055]
[-70.85822911]
[-70.81600799]
[-70.70260903]
[-70.71422152]
[-70.78594265]
[-70.83426935]
[-70.74590549]
[-70.79674568]
[-70.97092767]
[-70.80331487]
[-70.82677184]
[-70.61137327]
[-70.81832564]
[-70.6397195]
[-70.87438893]
[-70.66471884]
[-70.73085494]
[-70.88969943]
[-70.91465602]
[-70.97851455]
[-70.77711994]
[-70.74386538]
[-70.83644874]
[-70.72629137]
[-70.7220286]
[-70.71469257]
[-70.86740667]
[-70.98564314]
[-70.76008113]
[-70.83722447]
[-70.93524706]
[-70.79742065]
[-70.78427245]
[-70.85133109]
[-70.86994133]
[-70.88047847]
[-70.91905009]
[-70.72453952]
[-70.94214006]
[-70.93635297]
[-70.77716203]
[-70.67778764]
[-70.96547888]
[-70.79868005]
[-70.67348282]
[-70.6193392]
[-70.87781537]
[-70.88028688]
[-70.75199669]
[-70.86490798]
[-70.76127475]
[-70.68547869]
[-70.76901688]
[-70.74188077]
[-70.72565354]
[-70.70236712]
[-70.84672136]
[-70.84394313]
[-70.82317682]
[-70.69196701]
[-70.7648737]
[-70.75271595]
[-70.73728576]
[-70.75532843]
[-70.71976848]
[-70.76403063]
[-70.95140961]
[-70.75019231]
[-70.78043359]
[-70.82999461]
[-70.71612803]
[-70.77063593]
[-70.82884858]
[-70.85766824]
[-70.7137388]
[-70.69113888]
[-70.83969277]
[-70.78489036]
[-70.7536447]
[-70.71246021]
[-70.83755989]
[-70.86338348]
[-70.67071952]
[-70.80677144]
[-70.7952143]
[-70.81335619]
[-70.61290578]
[-70.83111171]
[-70.91585428]
[-70.80254989]
[-70.7777803]
[-70.81647963]
[-70.91737077]
[-70.76630151]
[-70.86451338]
[-70.92115781]
[-70.85780141]
[-70.75047924]
[-70.71263544]
[-70.72393629]
[-70.81544215]
[-70.79730991]
[-70.73272075]
[-70.80559087]
[-70.70954283]
[-70.77105326]
[-70.67364577]
[-70.71367598]
[-70.74317537]
[-70.69679943]
[-70.75809771]
[-70.88657234]
[-70.85524365]
[-70.6450104]
[-70.80280589]
[-70.64979598]
