[-114.18347828]
[-114.10857666]
[-112.84609335]
[-114.1953438]
[-113.9408598]
[-114.23041907]
[-114.22427683]
[-114.28506495]
[-113.69573422]
[-114.15362864]
[-113.91345848]
[-114.08281054]
[-114.13801924]
[-112.23113604]
[-113.67820614]
[-114.20558771]
[-114.21844937]
[-114.25348691]
[-114.22669256]
[-114.21556059]
[-114.2846426]
[-114.06715987]
[-114.04798996]
[-114.31415708]
[-114.15988061]
[-114.12903696]
[-114.32998545]
[-113.53568308]
[-114.06443023]
[-114.15670632]
[-114.1326545]
[-114.22096869]
[-114.23192459]
[-114.12916064]
[-113.65075904]
[-114.09972393]
[-114.42867782]
[-114.29587701]
[-114.09880511]
[-114.1562537]
[-112.98472877]
[-114.26417485]
[-113.58735048]
[-114.02545168]
[-114.23413211]
[-113.98224721]
[-114.25780312]
[-114.0431404]
[-114.01804794]
[-114.20563782]
[-114.34998077]
[-114.15278841]
[-114.14005013]
[-114.12783479]
[-113.646828]
[-114.06409622]
[-113.84825228]
[-113.73215547]
[-114.12901927]
[-112.86464149]
[-114.07044192]
[-114.27568275]
[-113.06865278]
[-113.99816394]
[-113.9425834]
[-113.92822434]
[-114.27490108]
[-114.32798043]
[-114.25930364]
[-113.90418884]
[-114.11661675]
[-114.3348502]
[-113.68962991]
[-114.06124268]
[-114.23242197]
[-113.98421456]
[-114.13165854]
[-114.20977035]
[-114.3260299]
[-114.27871896]
[-113.74738389]
[-114.24348352]
[-113.07180629]
[-114.28305824]
[-113.86263232]
[-114.31664973]
[-114.15855141]
[-114.18874224]
[-114.18697126]
[-113.55494872]
[-114.34308832]
[-114.31540215]
[-114.35871812]
[-114.23501461]
[-114.32848586]
[-114.24350563]
[-114.06429172]
[-113.81430302]
[-114.25379085]
[-114.18264126]
[-114.3040795]
[-113.96755564]
[-114.35996348]
[-114.35095645]
[-114.18339026]
[-114.00943957]
[-113.99275278]
[-114.40237307]
[-113.73705339]
[-114.00016119]
[-114.23247674]
[-114.13357571]
[-114.22045143]
[-114.22357958]
[-114.16774893]
[-114.2635584]
[-114.22767396]
[-114.06117381]
[-114.31090626]
[-114.19245325]
[-114.32277238]
[-114.21988882]
[-113.89113709]
[-114.15581336]
[-114.03634022]
[-113.91761551]
[-114.22446433]
[-113.94167792]
[-114.21970882]
[-114.32557649]
[-114.11602602]
[-114.36864775]
[-114.25342821]
[-113.51732274]
[-114.02195824]
[-113.99154793]
[-114.00381071]
[-114.26672747]
[-114.28934687]
[-114.10329564]
[-114.06368335]
[-114.17237977]
[-113.49693526]
[-113.98890759]
[-113.97018728]
[-114.21033054]
[-114.30838842]
[-114.23900824]
[-114.2560543]
[-114.2623155]
[-114.28156665]
[-113.77344401]
[-114.1569644]
[-114.19700462]
[-114.24039232]
[-114.22486738]
[-114.07320625]
[-114.1658854]
[-114.00253404]
[-114.15955265]
[-113.28274934]
[-114.11496583]
[-114.03065123]
[-114.28466609]
[-114.29534793]
[-114.1724418]
[-114.21268864]
[-114.1441533]
[-114.1184444]
[-114.20257619]
[-114.25925149]
[-114.17484074]
[-114.21753621]
[-114.267471]
[-113.06841871]
[-114.17913815]
[-114.29199552]
[-114.19389882]
[-113.99234957]
[-114.14670367]
[-114.24293575]
[-114.04981721]
[-114.26644144]
[-112.98426407]
[-114.29264848]
[-113.69552236]
[-114.15717502]
[-114.14362466]
[-113.77863803]
[-114.19660071]
[-114.35957232]
[-114.19069615]
[-114.33271422]
[-114.321498]
[-113.5997392]
[-113.85812015]
[-114.24752324]
[-114.12711015]
[-114.25922315]
[-114.08781335]
[-113.48772004]
[-114.02634399]
[-114.11838034]
[-114.22990769]
[-112.8981186]
[-114.05586969]
[-114.29959683]
[-114.12748265]
[-113.93600968]
[-114.16963125]
[-113.6010312]
[-114.32819198]
[-113.9774878]
[-114.19780521]
[-113.98808912]
[-114.14193899]
[-114.20971207]
[-113.45079637]
[-114.30621327]
[-114.39519722]
[-114.30740061]
[-113.96381301]
[-114.27487883]
[-113.77139622]
[-114.21245579]
[-114.14770475]
[-113.80047185]
[-113.76081902]
[-114.30439843]
[-114.15269387]
[-114.25508862]
[-114.10138645]
[-114.00878679]
[-113.71371796]
[-114.22099167]
[-114.14849359]
[-114.15533557]
[-113.66716554]
[-114.17478082]
[-114.283777]
[-114.25853072]
[-114.26037378]
[-114.17758122]
[-114.35383906]
[-113.52941736]
[-114.28144624]
[-114.08447671]
[-114.13200625]
[-114.29818018]
[-114.16188781]
[-114.21409333]
[-113.9813065]
[-114.17304195]
[-114.23335729]
[-114.25240291]
[-114.01985588]
[-113.94470645]
[-114.12731125]
[-114.30468116]
[-114.24127203]
[-114.15675193]
[-114.37801462]
[-114.23398191]
[-114.38391752]
[-114.17541303]
[-113.84461603]
[-113.97658933]
[-114.27578391]
[-113.97627901]
[-113.9961731]
[-113.83321456]
[-114.00351507]
[-113.43783854]
[-114.01256409]
[-114.28404142]
[-114.12201743]
[-114.05796822]
[-114.2018617]
[-114.26302931]
[-114.35858798]
[-114.10640348]
[-114.28839311]
[-113.79657333]
[-114.14037197]
[-114.20388586]
[-114.19684761]
[-114.11447991]
[-114.25614978]
[-113.8598477]
[-114.27838316]
[-114.24473592]
[-114.38666556]
[-114.15784378]
[-114.11417377]
[-114.12693816]
[-114.06903083]
[-114.22058036]
[-114.25554837]
[-114.20932049]
[-114.25696503]
[-114.24998992]
[-114.28462599]
[-113.40021442]
[-114.37477597]
[-114.03691504]
[-114.01065111]
[-114.278212]
[-114.0744991]
[-114.20200663]
[-113.2433451]
[-114.08436112]
[-113.50302005]
[-114.01273068]
[-114.33531253]
[-114.04293263]
[-114.32011357]
[-113.46429251]
[-114.19147835]
[-114.14090592]
[-114.19930615]
[-114.23483864]
[-114.40119543]
[-114.28741637]
[-113.93100813]
[-114.08334239]
[-114.25061598]
[-114.38655523]
[-114.19473755]
[-114.10091075]
[-114.0007501]
[-114.14704939]
[-114.33439561]
[-114.26197198]
[-114.12817109]
[-114.03216423]
[-114.31763358]
[-114.21338945]
[-114.17603224]
[-114.24679328]
[-114.16680141]
[-114.27767075]
[-114.19713719]
[-114.05365617]
[-114.20559242]
[-114.1620187]
[-114.34003339]
[-114.3097536]
[-113.10247274]
[-113.83832546]
[-114.10201909]
[-114.32809433]
[-114.14419483]
[-114.27645728]
[-114.26420117]
[-113.86905262]
[-114.1225137]
[-114.22702693]
[-114.28674755]
[-114.28526021]
[-113.72168211]
[-114.12890162]
[-114.17816391]
[-114.23934318]
[-114.23435299]
[-114.29266484]
[-114.30131314]
[-114.29333601]
[-114.32221367]
[-114.12507211]
[-114.15743884]
[-114.17322227]
[-114.20816237]
[-114.2042734]
[-114.10289412]
[-114.12276171]
[-114.19461327]
[-113.72656046]
[-113.86307731]
[-114.23633624]
[-114.28610319]
[-113.89855231]
[-114.14519332]
[-113.92110657]
[-114.10109856]
[-114.25757201]
[-114.19365738]
[-114.02190874]
[-114.26641446]
[-114.14512631]
[-114.10827706]
[-113.82661578]
[-114.1684145]
[-114.28923867]
[-114.1398554]
[-114.06693801]
[-114.20778119]
[-114.26194854]
[-114.20688056]
[-113.78129328]
[-114.03248844]
[-114.2866943]
[-114.20235773]
[-114.17156635]
[-114.11007976]
[-113.96085994]
[-114.04373905]
[-113.70249862]
[-112.81669138]
[-113.3711256]
[-114.01835408]
[-114.16113087]
[-114.27967969]
[-114.26884486]
[-114.04815271]
[-114.12677585]
[-114.16124293]
[-114.10895499]
[-113.55807725]
[-114.28983043]
[-113.67140355]
[-114.14851379]
[-114.08092596]
[-114.17027633]
[-113.33644133]
[-114.14872469]
[-112.92883727]
[-113.98336807]
[-114.22124433]
[-114.32834525]
[-114.16129292]
[-114.14815233]
[-114.16318596]
[-114.23459139]
[-114.03467004]
[-113.70583394]
[-114.3004258]
[-114.23489452]
[-113.73263331]
[-114.14848901]
[-113.72738342]
[-114.27199905]
[-114.25902719]
[-113.8119919]
[-113.43057294]
[-114.03213121]
[-114.22913543]
[-114.25669541]
[-114.18237115]
[-114.34565271]
[-114.09387376]
[-113.28876484]
[-112.44283176]
[-114.1225136]
[-113.95048524]
[-114.161733]
[-114.02698131]
[-114.14841537]
[-114.3047707]
[-114.12500682]
[-114.14154829]
[-114.20678776]
[-114.02315793]
[-114.01741582]
[-114.0204476]
[-114.23932394]
[-113.91170777]
[-113.81398782]
[-114.00614942]
[-113.03287687]
[-109.92308283]
[-114.096761]
[-114.31271368]
[-113.27035285]
[-114.3284052]
[-114.14219988]
[-114.20719934]
[-114.26185951]
[-113.63095684]
[-114.20967482]
[-114.32947]
[-114.1761061]
[-114.08187954]
[-114.28878777]
[-113.22412078]
[-114.14137712]
[-114.12516324]
[-114.2063948]
[-114.25215566]
[-114.27374569]
[-114.23219293]
[-113.75768553]
[-114.17616496]
[-114.09738915]
[-114.14279379]
[-114.35988142]
[-114.24361768]
[-114.24750317]
[-114.34340223]
[-114.0950608]
[-114.08243795]
[-114.16074888]
[-113.97609826]
[-114.17828627]
[-114.41391801]
[-114.12103071]
[-114.02273244]
[-113.62470535]
[-114.17316016]
[-114.27413867]
[-114.19507611]
[-113.90922395]
[-114.27485045]
[-114.17834181]
[-114.29645816]
[-114.12631555]
[-114.27914846]
[-114.17008037]
[-114.20027045]
[-114.19792399]
[-114.2864415]
[-114.24864162]
[-113.13593969]
[-114.03187471]
[-114.14969805]
[-114.351006]
[-114.29410354]
[-114.08800678]
[-113.76098509]
[-114.37059392]
[-114.14341982]
[-114.24406302]
[-114.27036697]
[-114.11646649]
[-114.21871513]
[-114.25726165]
[-114.18810106]
[-114.20527797]
[-114.20791699]
[-114.3796402]
[-114.33921243]
[-114.31507843]
[-114.15139778]
[-114.16543218]
[-114.2411819]
[-114.2050243]
[-114.20893791]
[-114.03948072]
[-114.29723159]
[-114.24261638]
[-114.16973113]
[-114.27301807]
[-113.7464944]
[-114.35574765]
[-114.17462327]
[-114.12061981]
[-114.16419224]
[-114.20855188]
[-114.23960712]
[-114.24275605]
[-114.32593618]
[-114.28255482]
[-114.36782066]
[-114.33226398]
[-114.24696845]
[-113.9652909]
[-114.16228248]
[-114.07213822]
[-114.21495106]
[-114.31902571]
[-113.31676184]
[-114.31163303]
[-114.3448985]
[-114.21532953]
[-114.19928026]
[-114.11013232]
[-114.17790163]
[-114.32805437]
[-114.35631378]
[-114.14632761]
[-114.05713685]
[-113.85420835]
[-114.05171481]
[-113.87203759]
[-114.25092138]
[-114.18215427]
[-114.144261]
[-114.20585022]
[-114.04809232]
[-114.11691842]
[-114.30665925]
[-114.24009052]
[-113.84437631]
[-113.68344053]
[-114.26307751]
[-113.61374702]
[-114.18521969]
[-114.133901]
[-114.29210626]
[-113.41524318]
[-114.09150081]
[-114.29341763]
[-113.98208603]
[-114.17048114]
[-113.97586281]
[-114.15924736]
[-114.23121665]
[-114.14543738]
[-114.20473185]
[-113.90107908]
[-114.14923693]
[-114.2903154]
[-114.05409583]
[-114.28558718]
[-114.30615867]
[-113.14242427]
[-114.07706378]
[-114.08189535]
[-114.13228499]
[-114.32141418]
[-114.34472314]
[-114.29211626]
[-114.10595419]
[-114.04283761]
[-114.12580312]
[-114.23934972]
[-114.17409179]
[-114.24771741]
[-114.1311111]
[-114.36072445]
[-114.29606636]
[-114.238231]
[-114.22172537]
[-113.57032527]
[-113.95013537]
[-114.16644115]
[-114.22968057]
[-114.12237014]
[-114.24177626]
[-114.36585433]
[-114.0527852]
[-114.12633103]
[-114.28290153]
[-114.08200068]
[-113.81119761]
[-114.37318647]
[-114.15817604]
[-114.26615242]
[-114.39659127]
[-114.36807435]
[-114.52636068]
[-114.13606136]
[-114.3256818]
[-114.33375426]
[-114.25798391]
[-113.56655243]
[-113.26803161]
[-114.15579476]
[-114.09689448]
[-114.12817553]
[-114.20576382]
[-114.29787455]
[-114.34928236]
[-114.29554776]
[-114.32719193]
[-114.07098917]
[-114.18123522]
[-114.13035153]
[-113.98533143]
[-114.23593316]
[-114.25110903]
[-113.33353626]
[-114.24779943]
[-113.94896014]
[-114.1684782]
[-114.10270384]
[-113.76150338]
[-114.22692915]
[-114.26691112]
[-112.89475761]
[-114.21650099]
[-114.2975967]
[-114.2467728]
[-114.02596309]
[-114.12320278]
[-114.29936755]
[-114.35809923]
[-114.32378143]
[-114.19617593]
[-113.95554538]
[-114.24568611]
[-114.37505415]
[-114.36224431]
[-113.42522329]
[-114.01991682]
[-114.11861848]
[-114.36306761]
[-114.31894522]
[-113.98716835]
[-114.40513538]
[-114.30952667]
[-114.17839472]
[-113.94411655]
[-114.06637081]
[-114.19637076]
[-114.22822414]
[-114.35409663]
[-114.24497267]
[-114.35273756]
[-114.3582661]
[-113.9190852]
[-114.30849381]
[-114.27649017]
[-114.14206445]
[-113.23023224]
[-114.08572152]
[-114.20592827]
[-114.34563178]
[-114.25357105]
[-114.27310535]
[-114.00336616]
[-114.11943214]
[-114.28147956]
[-114.11411439]
[-114.19187317]
[-114.2553074]
[-114.22878104]
[-113.27621874]
[-114.14479037]
[-113.66564792]
[-114.15570479]
[-114.217622]
[-114.12764533]
[-114.14353525]
[-113.75651266]
[-114.0688452]
[-114.23350232]
[-113.65642593]
[-114.04811233]
[-114.22122773]
[-114.24566725]
[-114.2271183]
[-114.08674241]
[-114.07316585]
[-114.00968899]
[-114.07467469]
[-114.22738618]
[-114.41438571]
[-114.35312864]
[-114.25747063]
[-114.0317057]
[-113.97335232]
[-114.19406712]
[-114.23556783]
[-114.37424985]
[-114.13689813]
[-114.13251735]
[-114.2854883]
[-114.32750553]
[-114.16301625]
[-114.17235562]
[-114.14836477]
[-113.75525278]
[-114.08107522]
[-114.34540316]
[-113.99125306]
[-113.84868613]
[-114.31531166]
[-113.68856409]
[-113.99030973]
[-114.14104995]
[-114.22318832]
[-114.30709542]
[-114.2304395]
[-114.22334363]
[-114.16133102]
[-114.15948443]
[-113.53859331]
[-113.76792452]
[-114.118271]
[-113.87954077]
[-114.17929286]
[-113.87485139]
[-114.34704416]
[-114.25881342]
[-114.11061208]
[-114.15685182]
[-114.26744648]
[-114.37400775]
[-114.22172231]
[-114.09830003]
[-114.23797524]
[-114.22408884]
[-114.16054048]
[-114.20811937]
[-113.32659419]
[-113.22860499]
[-114.30285925]
[-114.25364163]
[-114.21057566]
[-114.20351669]
[-114.26946387]
[-114.4160549]
[-114.19944651]
[-114.2166282]
[-114.16212225]
[-114.29146877]
[-114.11756221]
[-114.31743079]
[-114.29764067]
[-114.13809426]
[-114.0348226]
[-114.26207038]
[-114.19845172]
[-113.44201252]
[-114.37548993]
[-114.05495836]
[-114.31612003]
[-114.25347732]
[-114.27321044]
[-114.12597785]
[-114.10390278]
[-113.90941398]
[-114.36248]
[-114.26636017]
[-114.08034285]
[-114.38638222]
[-114.10203493]
[-114.21083643]
[-114.22834678]
[-114.28923404]
[-114.07119439]
[-113.84538753]
[-114.14969852]
[-114.17488971]
[-114.4419917]
[-112.60014315]
[-114.14586746]
[-114.23358364]
[-114.26546801]
[-114.08710085]
[-113.71817484]
[-114.05829211]
[-114.18930189]
[-114.23026673]
[-114.19713882]
[-114.00519585]
[-114.35764377]
[-113.63695398]
[-113.65402035]
[-114.15617976]
[-112.33638331]
[-114.06726789]
[-114.04557166]
[-114.14219401]
[-114.26512522]
[-114.17178662]
[-114.16131863]
[-114.22212726]
[-114.24093337]
[-114.28371824]
[-113.73396096]
[-114.23159931]
[-113.75223819]
[-113.89121252]
[-114.4119732]
[-114.12589067]
[-114.25613132]
[-114.09794676]
[-113.4736491]
[-114.22709476]
[-114.29406503]
[-113.69325262]
[-113.99610952]
[-114.10223124]
[-114.00613319]
[-113.92584328]
[-114.07693662]
[-114.12102485]
[-114.31592131]
[-114.2702847]
[-113.17189499]
[-114.196317]
[-114.00712296]
[-114.09556434]
[-114.32525643]
[-114.15671982]
[-114.32344188]
[-113.38301051]
[-113.90562597]
[-114.14352771]
[-114.35384896]
[-114.31007524]
[-114.27363541]
[-114.15944516]
[-113.70055794]
[-114.27817734]
[-114.23449223]
[-114.19149889]
[-114.07630658]
[-114.15849826]
[-114.1061444]
[-114.24835784]
[-114.39090809]
[-113.68425944]
[-114.34692372]
[-114.26626194]
[-114.10457411]
[-114.15982307]
[-114.27957189]
[-114.27066156]
[-114.2925657]
[-114.02778155]
[-114.18639094]
[-114.2444239]
[-113.85753191]
[-114.23985384]
[-114.22345773]
[-114.10699391]
[-114.09187969]
[-114.08320571]
[-114.30489987]
[-113.59336543]
[-113.9379122]
[-114.00927348]
[-114.13672921]
[-113.91306896]
[-114.14111589]
[-114.30210283]
[-113.84746067]
[-114.14369362]
[-114.07578093]
[-114.34333401]
[-114.15025257]
[-114.23291004]
[-114.02208371]
[-114.06381518]
[-114.10806429]
[-113.9011526]
[-114.18742364]
[-114.13828563]
[-113.69849018]
[-114.29058293]
[-114.23217312]
[-114.27922842]
[-114.29770941]
[-114.0702102]
[-114.09033411]
[-114.24470131]
[-114.21720458]
[-114.33865243]
[-114.11662516]
[-114.19870815]
[-114.15105756]
[-114.35226544]
[-114.18984296]
[-112.65420582]
[-114.16451933]
[-113.85121138]
[-114.28705571]
[-114.3366475]
[-114.17308434]
[-114.29667757]
[-114.31056435]
[-114.21712115]
[-114.12643167]
[-114.16889878]
[-112.6670334]
[-114.1320964]
[-114.08652958]
[-114.01996373]
[-113.86509827]
[-114.35941044]
[-114.24680036]
[-112.98787691]
[-113.63092372]
[-114.21772067]
[-114.1609681]
[-114.34147742]
[-114.14492219]
[-114.19519137]
[-114.08830735]
[-114.29190368]
[-114.18266462]
[-114.22592128]
[-114.08354751]
[-113.9043212]
[-114.32489628]
[-114.22984571]
[-114.24428329]
[-113.43252506]
[-114.03725428]
[-114.25981212]
[-114.03931593]
[-113.54767304]
[-114.19616263]
[-113.99976524]
[-114.21415443]
[-114.30621974]
[-114.08924812]
[-114.20923811]
[-114.41077072]
[-114.27920145]
[-114.23052669]
[-114.26546333]
[-113.65482326]
[-114.16909216]
[-114.18927521]
[-114.12084445]
[-114.14099128]
[-114.15176454]
[-114.31678901]
[-114.33998964]
[-114.23937418]
[-114.23331857]
[-113.99507694]
[-114.0914568]
[-114.29235959]
[-113.73401779]
[-114.38560737]
[-113.1993699]
[-114.06545219]
[-113.83956313]
[-114.34093467]
[-114.19336598]
[-113.94188632]
[-113.71540802]
[-114.10107208]
[-114.30345636]
[-114.28569982]
[-113.8202734]
[-113.97229971]
[-114.06333628]
[-114.16636028]
[-114.28287686]
[-114.19790403]
[-113.09504449]
[-114.25832026]
[-114.09979319]
[-114.32419881]
[-114.32263706]
[-114.19363133]
[-114.02089134]
[-113.5992088]
[-114.04031316]
[-114.29814707]
[-114.35638462]
[-114.32898881]
[-114.2593985]
[-114.2479808]
[-114.22953928]
[-114.2916806]
[-114.33313753]
[-114.22426343]
[-114.15153009]
[-114.19636729]
[-114.1299632]
[-114.3302151]
[-114.33834612]
[-113.50775099]
[-114.21488938]
[-114.22417704]
[-114.31442197]
[-114.00749796]
[-114.16876984]
[-114.17838164]
[-113.35326008]
[-114.0620138]
[-114.02697813]
[-114.32956548]
[-114.31078181]
[-114.23252478]
[-114.27403336]
[-114.30808149]
[-114.08890926]
[-113.87232383]
[-114.18847581]
[-114.2597913]
[-114.41677314]
[-114.39347251]
[-114.03659374]
[-114.08540905]
[-114.13787252]
[-114.11529245]
[-114.17576503]
[-114.32220099]
[-114.08139672]
[-114.39975436]
[-114.27796915]
[-114.20603353]
[-114.21965866]
[-114.06344622]
[-114.36339196]
[-114.24468271]
[-114.23298059]
[-114.03477149]
[-114.34970856]
[-114.25680077]
[-114.28226428]
[-114.10362474]
[-113.62041457]
[-114.27415075]
[-114.30229997]
[-114.1500919]
[-112.0952585]
[-113.51000653]
[-114.25168635]
[-114.24650178]
[-114.30413889]
[-114.26128749]
[-114.21373967]
[-114.204913]
[-114.34584009]
[-114.21606786]
[-114.22676678]
[-114.11383087]
[-114.46014476]
[-114.21793494]
[-114.07640499]
[-113.58755611]
[-114.30916935]
[-114.24533513]
[-112.83431055]
[-114.19908039]
[-114.17224829]
[-114.22222043]
[-114.2479842]
[-114.16443276]
[-114.10974722]
[-114.12130326]
[-113.63417859]
[-114.10766481]
[-113.42612496]
[-114.24771872]
[-114.32997188]
[-114.41867484]
[-114.35614261]
[-113.36645805]
[-114.19174359]
[-114.17432029]
[-114.27498436]
[-114.31089622]
[-114.28113609]
[-114.28276796]
[-114.39429733]
[-114.37776184]
[-114.26568898]
[-114.29031476]
[-114.26715777]
[-114.34106753]
[-114.20344639]
[-113.0692587]
[-114.1320924]
[-114.20686654]
[-114.07702667]
[-114.15858411]
[-114.11640916]
[-114.21553218]
[-114.2158525]
[-114.23402969]
[-114.24927689]
[-114.28462897]
[-114.33592507]
[-114.13781215]
[-114.10285302]
[-114.18335273]
[-114.30198567]
[-114.24703776]
[-114.19580775]
[-111.28704625]
[-114.35694105]
[-114.32178242]
[-114.33150875]
[-114.28574579]
[-114.25690436]
[-114.29291379]
[-114.12790824]
[-114.32317942]
[-113.5639052]
[-113.18889438]
[-114.30891823]
[-114.15567076]
[-114.3710058]
[-114.20884867]
[-114.11956475]
[-114.33823993]
[-114.12934847]
[-113.99284103]
[-114.2070226]
[-113.60679572]
[-114.34477996]
[-114.36225017]
[-114.31171264]
[-114.26870796]
[-114.07416476]
[-113.81612971]
[-113.9133646]
[-113.9989281]
[-114.41607009]
[-114.2049567]
[-114.21704406]
