[-107.75045078]
[-109.75107823]
[-109.85068062]
[-109.88892066]
[-109.8272539]
[-109.68130607]
[-109.71526597]
[-109.82324235]
[-109.87418947]
[-109.70394947]
[-109.88866428]
[-109.77061387]
[-109.86424304]
[-109.00169071]
[-109.85041003]
[-109.90121721]
[-109.85591508]
[-109.95154668]
[-109.86688249]
[-109.76313364]
[-109.85519299]
[-109.91656721]
[-109.8639841]
[-109.83909563]
[-109.88934348]
[-109.78158825]
[-109.85179511]
[-109.88860415]
[-109.86611105]
[-109.8044124]
[-109.87794081]
[-109.82567017]
[-109.78986691]
[-109.66975259]
[-109.84641517]
[-109.72982036]
[-109.91303195]
[-109.99628941]
[-109.79151324]
[-109.60765496]
[-109.8079516]
[-109.84442599]
[-109.48549564]
[-109.72933084]
[-109.86818927]
[-109.70173831]
[-109.81302524]
[-109.71837271]
[-109.84536838]
[-109.86249125]
[-109.85609942]
[-109.73774755]
[-109.8888813]
[-109.82731705]
[-109.69148817]
[-109.86775779]
[-109.88255856]
[-109.89531156]
[-109.04151999]
[-109.75765495]
[-109.91223788]
[-109.79366075]
[-109.65558458]
[-109.90070821]
[-109.89253106]
[-109.74228097]
[-109.88678]
[-109.85247905]
[-109.8804534]
[-109.82769423]
[-109.93930803]
[-109.85087933]
[-109.97016709]
[-109.92479171]
[-109.72572551]
[-109.90164162]
[-109.9207678]
[-109.86081365]
[-109.87739073]
[-109.93399018]
[-109.91125371]
[-109.86572144]
[-109.8059164]
[-109.94486521]
[-109.83398608]
[-109.84260604]
[-109.84984982]
[-109.79349814]
[-109.86851869]
[-109.82225469]
[-109.82235765]
[-109.88457543]
[-109.91171125]
[-109.51903238]
[-109.88931935]
[-109.82710377]
[-109.92928434]
[-109.87946487]
[-109.89371989]
[-109.84909033]
[-109.94720296]
[-109.82897943]
[-109.87238273]
[-109.94779869]
[-109.86731424]
[-109.84164016]
[-109.87740156]
[-109.92526188]
[-109.86440438]
[-109.86467197]
[-109.84434746]
[-109.89628062]
[-109.89849784]
[-109.95546453]
[-109.91351548]
[-109.88233182]
[-109.94738445]
[-109.87377245]
[-109.87738294]
[-109.73227344]
[-109.89123002]
[-109.82297955]
[-109.89397554]
[-109.94195399]
[-109.82793761]
[-109.6961981]
[-109.84858284]
[-109.93388977]
[-109.82158844]
[-109.87874561]
[-109.70840115]
[-109.89028438]
[-109.69240596]
[-109.83203113]
[-109.74643248]
[-109.91933024]
[-109.89928923]
[-109.86634706]
[-109.83604867]
[-109.9003175]
[-109.93207831]
[-109.65588486]
[-109.76788452]
[-109.84769216]
[-109.88028519]
[-109.93304903]
[-109.86591593]
[-109.88453223]
[-109.96989658]
[-109.91463599]
[-109.81780771]
[-109.88985244]
[-109.83565858]
[-109.81767935]
[-109.90283784]
[-109.8808797]
[-109.86639763]
[-109.91124973]
[-109.79855724]
[-109.90656297]
[-109.8230658]
[-109.84099005]
[-109.88891039]
[-110.03045827]
[-109.79323368]
[-109.85409973]
[-109.74529627]
[-109.91419246]
[-109.95858388]
[-109.85418815]
[-109.0716212]
[-109.51217949]
[-109.84264602]
[-109.82551272]
[-109.85693669]
[-109.8922452]
[-109.89366637]
[-109.75507165]
[-109.91748569]
[-109.78016312]
[-109.84440045]
[-109.7708708]
[-109.81304743]
[-109.76014313]
[-109.93629754]
[-109.93115489]
[-109.89416472]
[-109.40997152]
[-109.86971795]
[-109.07295804]
[-109.84853039]
[-109.90732037]
[-109.89894966]
[-109.84957858]
[-109.68426331]
[-109.83498494]
[-109.66138753]
[-109.63280017]
[-109.89170072]
[-109.8473815]
[-109.57589261]
[-109.87772675]
[-109.85199059]
[-109.6739174]
[-109.83607172]
[-109.82396745]
[-109.80439356]
[-109.79496999]
[-109.86420544]
[-109.26991345]
[-109.8975002]
[-109.97805614]
[-109.68973268]
[-109.91562828]
[-109.31315362]
[-109.89920977]
[-109.89242403]
[-109.80252468]
[-109.72392015]
[-109.61921289]
[-109.90869715]
[-109.85955874]
[-109.92460858]
[-109.96686467]
[-109.45705122]
[-109.90433033]
[-109.83618078]
[-109.36336365]
[-109.86131489]
[-109.34871174]
[-109.87109257]
[-109.94634391]
[-109.87402595]
[-109.88052595]
[-108.43880311]
[-109.86034731]
[-109.89197933]
[-109.85627613]
[-109.87506348]
[-109.91869788]
[-109.87817979]
[-109.8719087]
[-109.87841114]
[-109.86589548]
[-109.73130851]
[-109.96926648]
[-109.90554983]
[-109.89220395]
[-109.80401128]
[-109.89717521]
[-109.7858603]
[-109.74908467]
[-109.67933532]
[-109.92689454]
[-109.9205035]
[-109.76003852]
[-109.88926178]
[-109.72061479]
[-109.88102372]
[-109.90784849]
[-109.93223976]
[-109.83504954]
[-109.85163747]
[-109.85258569]
[-109.94203575]
[-109.87069984]
[-109.84158528]
[-109.91639414]
[-109.84981774]
[-109.79048881]
[-109.91867509]
[-109.9463799]
[-109.8520923]
[-109.8736894]
[-109.91389836]
[-109.89567853]
[-109.87927324]
[-109.8306604]
[-109.84569328]
[-109.8578447]
[-109.88870012]
[-109.79527769]
[-109.81754459]
[-109.93903205]
[-109.7936277]
[-109.84903375]
[-109.80544617]
[-109.86139594]
[-109.88725713]
[-109.85710752]
[-109.85880661]
[-109.7295147]
[-109.81914457]
[-109.93360088]
[-108.88412259]
[-109.82199706]
[-109.79736889]
[-109.85141311]
[-109.72230081]
[-109.84349779]
[-109.95738738]
[-109.91365605]
[-109.69587417]
[-109.7768608]
[-109.80824187]
[-109.93639378]
[-109.8835328]
[-109.8587609]
[-109.88112043]
[-109.95821513]
[-109.89834199]
[-109.93480067]
[-109.81633426]
[-109.84055949]
[-109.96603928]
[-109.793176]
[-109.7760569]
[-109.86637936]
[-109.87522374]
[-109.9109936]
[-109.82531591]
[-109.92325117]
[-109.63688433]
[-109.92919867]
[-109.87507217]
[-109.82011598]
[-109.81357023]
[-109.83515064]
[-109.85880749]
[-109.88946524]
[-109.80514695]
[-109.81210296]
[-109.86504643]
[-109.85007914]
[-109.85587622]
[-109.92419527]
[-109.86096166]
[-109.82477685]
[-109.85020623]
[-109.75587319]
[-109.84708535]
[-109.6567695]
[-109.85532213]
[-109.96893121]
[-109.91271012]
[-109.8921763]
[-109.86595437]
[-109.80306709]
[-109.5925713]
[-109.7867208]
[-109.89238143]
[-109.83266285]
[-109.87271325]
[-109.86812259]
[-109.91324088]
[-109.7929436]
[-109.62773746]
[-109.94550476]
[-109.85528748]
[-109.8463866]
[-109.84967594]
[-109.32768672]
[-109.88995592]
[-109.86806234]
[-109.80287438]
[-109.93005406]
[-109.84280458]
[-109.90866861]
[-109.7163333]
[-109.84396106]
[-109.88318663]
[-109.93668313]
[-109.90443]
[-109.98592196]
[-109.75268752]
[-109.73352673]
[-109.77387664]
[-109.6724709]
[-109.73655339]
[-109.65803269]
[-109.85356577]
[-109.86689464]
[-109.7282666]
[-109.72850239]
[-109.91104684]
[-109.80636882]
[-109.00590347]
[-109.60903046]
[-109.77428084]
[-109.91914732]
[-109.81662161]
[-109.90697048]
[-109.63601985]
[-109.98515155]
[-109.88845609]
[-109.88514227]
[-109.8458197]
[-109.907504]
[-109.67043428]
[-109.79234044]
[-109.70076541]
[-109.92320978]
[-109.86160521]
[-109.90955821]
[-109.82346513]
[-109.90658449]
[-109.92392437]
[-109.89782706]
[-109.7528282]
[-109.85659629]
[-108.90313238]
[-109.36858134]
[-107.46307224]
[-109.90860191]
[-109.80974913]
[-109.17748148]
[-109.88963674]
[-109.82101783]
[-109.8598555]
[-109.81867773]
[-109.74749484]
[-109.86590404]
[-109.93151113]
[-109.86799569]
[-108.8632637]
[-109.81445345]
[-109.68122802]
[-109.89228535]
[-109.8206734]
[-109.85080585]
[-109.89429836]
[-109.87717736]
[-109.87911094]
[-109.93432305]
[-109.60450942]
[-109.82647249]
[-109.90665743]
[-109.32960557]
[-109.87360008]
[-109.74327586]
[-109.32109096]
[-109.81992671]
[-109.91721523]
[-109.85815042]
[-109.96840662]
[-109.92083743]
[-109.90454607]
[-109.9457373]
[-109.89311936]
[-109.8862644]
[-109.86281867]
[-109.53022917]
[-109.91638287]
[-109.83285821]
[-109.84486993]
[-109.7665508]
[-104.30959838]
[-109.63229395]
[-109.11563005]
[-109.82198442]
[-109.73390175]
[-109.81491073]
[-109.59992483]
[-109.85040443]
[-109.85565797]
[-109.78596436]
[-109.76960796]
[-109.9681605]
[-109.89338692]
[-109.89032765]
[-109.88617386]
[-109.85588889]
[-109.8979045]
[-109.94207663]
[-109.89638826]
[-109.18165346]
[-109.84744227]
[-109.58500001]
[-109.65214021]
[-109.88809506]
[-109.85080249]
[-109.82824504]
[-109.50072408]
[-109.96312739]
[-109.60841113]
[-109.80509207]
[-109.89585043]
[-109.94170089]
[-109.8167604]
[-109.82163791]
[-109.35327431]
[-109.88092983]
[-109.87821612]
[-109.26804747]
[-109.82645782]
[-109.90903643]
[-109.9192515]
[-109.81635603]
[-109.76828053]
[-109.90505809]
[-109.86460567]
[-109.97992994]
[-109.91661569]
[-109.72118376]
[-109.91731095]
[-109.89163475]
[-109.89950438]
[-109.79782452]
[-109.8583825]
[-108.96558043]
[-109.9429783]
[-109.78123106]
[-109.85025942]
[-109.8968242]
[-109.7074414]
[-109.91256406]
[-109.84819891]
[-109.9260279]
[-109.89850698]
[-109.87898984]
[-109.83496032]
[-109.80702174]
[-109.89371014]
[-109.84093248]
[-109.99200188]
[-109.90501373]
[-109.48586494]
[-109.97300643]
[-109.9407011]
[-109.83067432]
[-109.7362903]
[-109.86115048]
[-109.67908477]
[-109.90775663]
[-109.87610689]
[-109.95784536]
[-109.8414998]
[-109.86363778]
[-109.84352606]
[-109.89836232]
[-109.95134789]
[-109.80602836]
[-109.84044809]
[-109.90470277]
[-109.83046695]
[-109.92768986]
[-109.94785497]
[-109.86210581]
[-109.89165427]
[-109.86643255]
[-109.89409192]
[-109.85848192]
[-109.86451372]
[-109.96489738]
[-109.94612085]
[-109.88164657]
[-109.88202515]
[-109.93516824]
[-109.86675102]
[-109.94918469]
[-109.99454516]
[-109.84361198]
[-109.60368121]
[-109.89086889]
[-109.96545227]
[-109.68718065]
[-109.70812444]
[-109.84357836]
[-109.88079212]
[-109.87259597]
[-109.94830263]
[-109.9468785]
[-109.95590512]
[-109.89141045]
[-109.8927428]
[-109.92364429]
[-109.55424003]
[-109.84352579]
[-109.87767565]
[-109.87412061]
[-109.85502978]
[-109.7974434]
[-109.80626959]
[-109.92161633]
[-110.01345666]
[-109.78230829]
[-109.90082789]
[-109.91560817]
[-109.81000217]
[-109.92656821]
[-109.90710574]
[-109.82962846]
[-109.85765992]
[-109.89325107]
[-109.97770976]
[-109.86669337]
[-109.75003242]
[-109.89585847]
[-109.87254459]
[-109.72428375]
[-109.87860897]
[-109.91285446]
[-109.80245883]
[-109.91822084]
[-109.94735776]
[-109.80563423]
[-109.27405521]
[-109.80384399]
[-109.80626854]
[-109.87065906]
[-109.81977971]
[-109.87552575]
[-109.88882426]
[-109.81686832]
[-109.90642731]
[-109.8014144]
[-109.78190756]
[-109.83446317]
[-109.62873132]
[-109.82728831]
[-109.91302464]
[-109.70471398]
[-109.88737374]
[-109.80060258]
[-109.51226231]
[-109.2484355]
[-109.87277629]
[-109.71993816]
[-109.85980409]
[-109.97809909]
[-109.77221392]
[-109.87667992]
[-109.88243041]
[-109.82781137]
[-109.94045023]
[-109.86612964]
[-109.83694095]
[-109.81484991]
[-109.92781692]
[-109.93490273]
[-109.83439066]
[-109.63149241]
[-109.84725178]
[-109.86779571]
[-109.80724977]
[-109.82967995]
[-109.79316423]
[-109.91255713]
[-109.81228396]
[-109.85677129]
[-109.81877634]
[-109.78874921]
[-109.86456073]
[-109.72374106]
[-109.68352165]
[-109.90497658]
[-109.8712616]
[-109.85258925]
[-109.84708845]
[-109.80722638]
[-109.91718005]
[-109.55500183]
[-109.79770014]
[-109.865736]
[-109.86244831]
[-109.86786179]
[-109.83998121]
[-109.8744935]
[-109.90587443]
[-109.93791972]
[-109.78817102]
[-109.94502768]
[-109.88328695]
[-109.91996656]
[-109.86391817]
[-109.79721272]
[-109.70152982]
[-109.93887927]
[-109.8837643]
[-109.8620922]
[-109.88635877]
[-109.71403564]
[-109.78885506]
[-109.87572722]
[-109.8512181]
[-109.80930175]
[-109.90507872]
[-109.80952631]
[-109.60323124]
[-109.87246939]
[-109.91338178]
[-109.90551514]
[-109.69035173]
[-109.92986781]
[-109.95617682]
[-109.85368517]
[-109.90490635]
[-109.91572775]
[-109.81609831]
[-109.06757551]
[-109.78401503]
[-109.96698811]
[-109.73236508]
[-109.90336117]
[-109.97496415]
[-109.91910396]
[-109.90186786]
[-109.89130979]
[-109.80637012]
[-109.87609482]
[-109.90800023]
[-109.89285085]
[-109.89309988]
[-109.66906199]
[-109.88267433]
[-109.90727326]
[-109.93019134]
[-109.41191908]
[-109.89491249]
[-109.8246504]
[-109.8977318]
[-109.81742222]
[-109.87386435]
[-109.98570797]
[-109.90272404]
[-109.92439624]
[-109.91250358]
[-109.86814234]
[-109.87520417]
[-109.94020031]
[-109.63649201]
[-109.82419113]
[-109.95784582]
[-109.90902599]
[-109.38950254]
[-109.93920218]
[-109.83584298]
[-109.82573448]
[-109.89928025]
[-109.91969382]
[-109.80966896]
[-109.8749602]
[-109.9582204]
[-109.86975318]
[-109.83707477]
[-109.62895226]
[-109.93111911]
[-109.98457013]
[-109.87582384]
[-109.10618783]
[-109.91884561]
[-109.86435834]
[-109.87136888]
[-109.71080914]
[-109.85973659]
[-108.91290872]
[-109.85056557]
[-109.88253582]
[-109.91047871]
[-109.9192121]
[-110.04387808]
[-109.77954019]
[-109.870359]
[-109.88214282]
[-109.92693112]
[-109.93933365]
[-109.90949316]
[-109.77699748]
[-109.99126392]
[-109.90350455]
[-109.82679762]
[-109.89820447]
[-109.89578085]
[-109.84631428]
[-109.92158358]
[-109.83411778]
[-109.74039043]
[-109.78163393]
[-109.89918646]
[-109.87308704]
[-109.7838511]
[-109.75894835]
[-109.89919042]
[-109.91444382]
[-109.22865656]
[-109.86159642]
[-109.94621426]
[-109.90648709]
[-109.8295482]
[-109.86491087]
[-109.93242634]
[-110.01243031]
[-109.82489583]
[-109.86782473]
[-109.93067117]
[-109.72456321]
[-109.83505903]
[-109.95492619]
[-109.94297756]
[-109.84183635]
[-109.7270255]
[-109.95841689]
[-109.90537829]
[-110.00592268]
[-109.92585837]
[-109.89044888]
[-109.85794916]
[-109.91003484]
[-109.93844811]
[-109.93192095]
[-109.8442678]
[-109.82547218]
[-109.89072896]
[-109.77834999]
[-109.91384328]
[-109.81684652]
[-109.81803201]
[-109.73523277]
[-109.92592775]
[-109.95993641]
[-109.95944846]
[-109.91452327]
[-109.87211917]
[-109.97790075]
[-109.97659926]
[-109.76833293]
[-109.93276563]
[-109.8294686]
[-109.36778269]
[-109.92557643]
[-109.92108024]
[-109.79240341]
[-109.87295232]
[-109.87529533]
[-109.85948282]
[-110.00836028]
[-109.87157431]
[-109.86731143]
[-109.69688649]
[-109.76614559]
[-109.82568786]
[-109.81167302]
[-109.97364996]
[-109.77009476]
[-109.82732367]
[-109.87540675]
[-109.6964757]
[-109.84773737]
[-109.94051333]
[-109.90948451]
[-109.86156524]
[-109.84973945]
[-109.62911738]
[-109.95713609]
[-109.85672134]
[-109.89101275]
[-109.83349175]
[-109.85929027]
[-109.92226148]
[-109.8550269]
[-109.91900952]
[-109.7605945]
[-109.9024453]
[-109.92209472]
[-109.96565296]
[-109.90504969]
[-109.91533732]
[-109.9599784]
[-109.77895666]
[-109.83672141]
[-109.81413897]
[-109.98085061]
[-109.89394941]
[-109.90553566]
[-109.88024119]
[-109.66741996]
[-109.90385219]
[-109.92222589]
[-109.7240326]
[-109.89872221]
[-109.91740909]
[-109.74142004]
[-109.91067699]
[-109.83456997]
[-109.85685311]
[-109.6262001]
[-109.49860404]
[-109.83762277]
[-109.84674063]
[-109.85316556]
[-109.71725758]
[-109.62534361]
[-109.11197642]
[-109.95068123]
[-109.96866858]
[-109.96965466]
[-109.87718]
[-109.90675519]
[-109.66459079]
[-109.90498152]
[-109.96541688]
[-109.90011804]
[-109.82909376]
[-109.95251923]
[-109.90023712]
[-109.90415347]
[-109.8353886]
[-109.53765789]
[-109.79119517]
[-109.09466575]
[-109.82575664]
[-109.87256016]
[-109.63934666]
[-109.67991577]
[-109.86445739]
[-108.99008774]
[-109.88506253]
[-109.82391146]
[-109.84198743]
[-109.86426078]
[-109.92010871]
[-109.91478051]
[-108.71573095]
[-109.78420603]
[-109.89038602]
[-109.9279367]
[-109.86187845]
[-109.56231329]
[-109.8280612]
[-109.87433061]
[-109.95431805]
[-109.78112689]
[-109.98243567]
[-109.96469462]
[-109.89670232]
[-109.88513599]
[-109.90612326]
[-109.92036134]
[-109.90886793]
[-109.52824955]
[-109.83043046]
[-109.73686618]
[-109.67691376]
[-109.92009868]
[-109.87445037]
[-109.8982207]
[-109.90731282]
[-109.85961161]
[-109.81178621]
[-109.19872244]
[-109.69880677]
[-109.9448229]
[-109.79061882]
[-109.83896745]
[-109.76070098]
[-109.65285053]
[-109.5986072]
[-109.92384565]
[-109.72350511]
[-109.96400084]
[-109.84214376]
[-109.79986182]
[-109.92542591]
[-109.77272309]
[-109.88858336]
[-109.84577652]
[-109.81716986]
[-109.6643203]
[-109.90373469]
[-109.89213012]
[-109.86083028]
[-109.64316877]
[-109.83797785]
[-109.93133278]
[-109.87518827]
[-109.84597296]
[-109.98443678]
[-109.87454578]
[-109.88105605]
[-109.83659325]
[-109.9139582]
[-109.92525243]
[-109.87137929]
[-109.79222646]
[-109.81544944]
[-109.82417727]
[-109.87150725]
[-109.84135147]
[-109.91822717]
[-109.81931862]
[-109.91467528]
[-109.88433962]
[-109.91797162]
[-109.85501699]
[-109.87231009]
[-109.89136922]
[-109.86279044]
[-109.50820035]
[-109.68262456]
[-109.75228834]
[-109.85450849]
[-109.85530378]
[-109.83828235]
[-109.90132455]
[-109.94530053]
[-109.74964055]
[-109.84587584]
[-109.71956725]
[-109.82502813]
[-109.86128708]
[-109.84232309]
[-109.82423894]
[-109.90692797]
[-109.7182609]
[-109.8408831]
[-109.86600386]
[-109.88213814]
[-109.59288396]
[-109.82348874]
[-110.02263498]
[-109.91679941]
[-109.82045135]
[-109.73590049]
[-109.84426451]
[-109.64218681]
[-109.80528548]
[-109.9118859]
[-109.86568246]
[-109.66837888]
[-109.86379433]
[-109.80711827]
[-109.88853187]
[-109.84150768]
[-109.89764725]
[-109.54160519]
[-109.87241077]
[-109.8035959]
[-109.56475395]
[-109.82997713]
[-109.89766992]
[-109.8325488]
[-109.87982744]
[-109.79056354]
[-109.81894232]
[-109.52651073]
[-109.92575734]
[-109.93231823]
[-109.92876371]
[-109.81459503]
[-109.81592352]
[-109.75980679]
[-109.86772449]
[-109.87080328]
[-109.86908814]
[-109.83725788]
[-109.86655792]
[-109.87472889]
[-109.93640047]
[-109.78064324]
[-109.8991507]
[-109.84004767]
[-109.86632908]
[-109.7327251]
[-109.89464205]
[-109.8882237]
[-109.97055469]
[-109.90743998]
[-109.86843927]
[-109.91832014]
[-109.99831075]
[-109.76854545]
[-109.92201656]
[-109.77433764]
[-109.89550073]
[-109.75636085]
[-109.90390617]
[-109.89853672]
[-109.80897093]
[-109.14895629]
[-109.89933443]
[-109.95995506]
[-109.87469793]
[-109.94519731]
[-109.92895231]
[-109.87717934]
[-109.83791784]
[-109.92037293]
[-109.465602]
[-109.81868321]
[-109.8629989]
[-109.85564097]
[-109.89878315]
[-109.98246681]
[-109.83611268]
[-109.92617428]
[-109.87250795]
[-109.84635879]
[-109.82491066]
[-109.82744229]
[-109.77747965]
[-109.94434443]
[-109.65561618]
[-109.92410715]
[-109.8641629]
[-109.78364017]
[-109.81447342]
[-109.84811159]
[-109.80600742]
[-109.71517266]
[-109.63232963]
[-109.74860801]
[-109.87115659]
[-109.93830825]
[-109.00422093]
[-109.87220029]
[-109.9003328]
[-109.88728131]
[-109.64179406]
[-109.82181789]
[-109.86815902]
[-109.89606167]
[-109.74685848]
[-109.68839893]
[-109.94319323]
[-109.91370196]
[-109.85827527]
[-109.94117495]
[-109.60683838]
[-109.83994287]
[-109.93172685]
[-109.76603664]
[-109.92838766]
[-109.47419551]
[-109.89074058]
[-109.77720067]
[-109.84662222]
[-109.93445069]
[-109.87812036]
[-109.84874044]
[-109.64868079]
[-109.95014709]
[-109.87609037]
[-109.82402433]
[-109.84332886]
[-109.92232758]
[-109.89883285]
[-109.94950999]
[-109.80943054]
[-109.46262031]
[-109.77793569]
[-109.96318778]
[-109.88193497]
[-109.77069733]
[-109.88813694]
[-109.94434948]
[-109.9515291]
[-109.95070904]
[-109.84600126]
[-109.73507961]
[-109.95905212]
[-109.73208128]
[-109.78609797]
[-109.90860284]
[-109.84354416]
[-109.8609077]
[-109.81264062]
[-109.92665709]
[-109.71035271]
[-109.64250263]
[-109.77287544]
[-109.88392336]
[-109.89150255]
[-109.85836563]
[-109.8825487]
[-109.91649814]
[-109.74554957]
[-109.91214278]
[-109.92214898]
[-109.85774479]
[-110.00800419]
[-109.8994058]
[-109.44117276]
[-109.86907776]
[-109.90883208]
[-109.78703367]
[-109.86147737]
[-109.77351975]
[-109.85722877]
[-109.80462734]
[-109.91615116]
[-109.9308186]
[-109.76644822]
[-109.84422974]
[-109.8857937]
[-109.83554207]
[-109.82306409]
[-109.89687217]
[-109.90224438]
[-109.89365507]
[-109.8688047]
