[-85.58703099]
[-85.4818991]
[-85.99108269]
[-85.823647]
[-86.07940916]
[-86.33941699]
[-85.52991615]
[-85.23126056]
[-84.58568262]
[-84.70362264]
[-85.75770457]
[-84.81505525]
[-85.39749404]
[-85.94942865]
[-85.90215304]
[-86.19283362]
[-85.88720002]
[-85.51020202]
[-85.8979277]
[-85.57437529]
[-85.64709271]
[-85.76295574]
[-86.24792497]
[-86.43114325]
[-86.40423034]
[-86.0397477]
[-85.89245666]
[-85.95267873]
[-86.12551077]
[-85.18864929]
[-84.27429218]
[-83.90201027]
[-84.28690597]
[-84.50374766]
[-84.67363511]
[-84.19830179]
[-83.90971449]
[-84.65780773]
[-85.90507237]
[-86.55074697]
[-85.30940222]
[-86.281513]
[-86.37230651]
[-86.49148134]
[-86.25810654]
[-86.08045475]
[-85.91050009]
[-85.73260886]
[-86.00199849]
[-85.6815566]
[-85.60996091]
[-85.59588502]
[-85.72017982]
[-85.93485584]
[-85.95815674]
[-85.96956153]
[-85.86560715]
[-85.93048726]
[-85.72263213]
[-85.85917102]
[-85.90102671]
[-85.86704579]
[-85.80269957]
[-85.83611505]
[-85.96851968]
[-86.14981095]
[-86.11143691]
[-85.99873002]
[-85.19743418]
[-85.03663949]
[-85.25867992]
[-85.90316706]
[-86.42141873]
[-86.84777877]
[-86.63728986]
[-86.82466333]
[-86.84514705]
[-86.73806324]
[-86.43139201]
[-86.34740354]
[-86.06508151]
[-85.70857968]
[-85.76858191]
[-85.45317749]
[-85.01206883]
[-84.92450405]
[-85.33228199]
[-85.68575887]
[-85.60110848]
[-84.69386613]
[-85.22931625]
[-85.08724433]
[-85.33055655]
[-84.53629978]
[-85.90269124]
[-85.80139915]
[-86.42569884]
[-86.68600588]
[-86.53501404]
[-85.44237841]
[-84.93376277]
[-83.64103624]
[-83.7771157]
[-83.77190275]
[-83.99754113]
[-84.24128697]
[-84.90767887]
[-84.58067165]
[-84.8202448]
[-84.68534614]
[-85.23830759]
[-85.71751076]
[-85.84484127]
[-85.49986385]
[-85.35240217]
[-85.17227369]
[-85.50905324]
[-85.60361664]
[-85.94602546]
[-85.75000879]
[-85.31646814]
[-85.2161467]
[-85.07932471]
[-84.65294604]
[-83.49823122]
[-83.42941022]
[-83.5994001]
[-83.47122505]
[-83.8044843]
[-83.96757549]
[-84.14082618]
[-84.27074129]
[-83.94551702]
[-83.99948334]
[-83.96911743]
[-84.12513493]
[-84.2016243]
[-84.02805337]
[-84.0348439]
[-84.07932071]
[-83.81726854]
[-83.78780379]
[-83.43488006]
[-83.85283336]
[-83.79046422]
[-83.75637559]
[-83.51323745]
[-83.43838214]
[-83.31366084]
[-83.51600759]
[-83.59455773]
[-83.48782585]
[-83.50380368]
[-83.53615226]
[-83.86743282]
[-84.03973918]
[-83.99459314]
[-84.025499]
[-83.84383817]
[-83.9284293]
[-83.28809384]
[-83.4820263]
[-83.71250161]
[-83.96068001]
[-83.5081018]
[-83.37921459]
[-83.296056]
[-83.47076022]
[-83.60623505]
[-83.54120485]
[-83.79345535]
[-83.62599708]
[-83.4681745]
[-83.51786367]
[-83.85031114]
[-83.79591737]
[-83.9525896]
[-83.83521701]
[-83.76250561]
[-83.96453313]
[-84.09738329]
[-83.73157447]
[-83.8110285]
[-83.71543452]
[-83.52226839]
[-83.89834732]
[-83.97034034]
[-83.71543852]
[-83.72303821]
[-84.22987733]
[-84.33157133]
[-84.39234788]
[-84.06258097]
[-83.75587193]
[-84.14204327]
[-84.10077759]
[-83.72248944]
[-83.8624596]
[-84.04496734]
[-83.97692535]
[-84.16397265]
[-84.09019422]
[-83.75399532]
[-84.00884693]
[-84.13814117]
[-84.32769907]
[-84.32463263]
[-84.55153212]
[-84.72710532]
[-84.88341389]
[-84.89733833]
[-84.79265485]
[-84.79938627]
[-84.50691901]
[-84.42869652]
[-84.45589716]
[-84.55532569]
[-84.9283753]
[-84.74339242]
[-84.50872147]
[-84.72007699]
[-84.5688303]
[-84.54539379]
[-84.28937256]
[-84.79030731]
[-85.35550327]
[-87.58264438]
[-86.53254913]
[-87.32822316]
[-87.7764552]
[-84.70147091]
[-84.38906553]
[-86.22624633]
[-85.98473884]
[-85.91321953]
[-86.03577278]
[-86.21701063]
[-86.30206007]
[-85.95187782]
[-86.25497173]
[-86.16325274]
[-86.36200636]
[-86.78216016]
[-87.05913989]
[-86.5843625]
[-86.7399076]
[-86.98789968]
[-87.14373587]
[-86.81257499]
[-86.82426215]
[-86.68739467]
[-86.26168287]
[-86.22993813]
[-86.21099918]
[-86.46564458]
[-86.42888651]
[-86.53466668]
[-86.39690761]
[-86.79142654]
[-86.58887148]
[-86.36838413]
[-85.94772888]
[-86.21882572]
[-86.47539629]
[-86.5411186]
[-86.36601276]
[-86.24942134]
[-85.98910047]
[-86.12887346]
[-86.0917407]
[-86.18986052]
[-86.34139997]
[-86.11270428]
[-86.06332913]
[-86.33829233]
[-86.43678854]
[-86.13480908]
[-86.20619026]
[-86.08502432]
[-86.39405313]
[-86.05631247]
[-86.51568667]
[-86.65039277]
[-86.43385598]
[-86.26138748]
[-86.49657991]
[-86.3371148]
[-85.79800369]
[-85.78308255]
[-85.81250157]
[-86.07936709]
[-86.12177304]
[-86.05178908]
[-86.20839858]
[-86.42255454]
[-86.45290062]
[-86.26226806]
[-86.24742943]
[-86.51002436]
[-86.44778485]
[-86.46518757]
[-86.42651382]
[-86.56456409]
[-86.25138565]
[-86.18059771]
[-86.03665472]
[-85.78771624]
[-85.7438245]
[-86.05975791]
[-85.85481718]
[-86.08993779]
[-86.35465071]
[-86.41904325]
[-86.24734849]
[-86.06265118]
[-86.11196465]
[-85.73276834]
[-85.82678878]
[-86.00354933]
[-86.14772462]
[-86.13549028]
[-86.30169596]
[-86.12579523]
[-85.894872]
[-86.06057943]
[-86.09526437]
[-86.05739612]
[-86.38460056]
[-86.41391336]
[-86.63368563]
[-86.629819]
[-86.60327265]
[-86.09068668]
[-86.09147518]
[-86.38778116]
[-85.80337197]
[-85.83640942]
[-86.03496692]
[-85.92294283]
[-85.95698311]
[-85.99384463]
[-85.98883722]
[-86.36320897]
[-86.30510703]
[-86.12476228]
[-86.55619852]
[-86.59785944]
[-86.93843335]
[-86.6832858]
[-86.54117744]
[-86.58989228]
[-86.58202767]
[-86.60134991]
[-86.36454652]
[-86.44047724]
[-86.38476535]
[-86.1841057]
[-86.13787829]
[-86.2292267]
[-86.14909521]
[-86.05127573]
[-85.9027386]
[-85.78925019]
[-85.89780563]
[-85.81812925]
[-85.86905605]
[-85.93074568]
[-86.03320456]
[-86.19306624]
[-86.32202365]
[-86.04536076]
[-84.83447315]
[-85.9323427]
[-86.24014431]
[-86.57394904]
[-86.4061745]
[-86.487999]
[-86.53543146]
[-86.14347261]
[-86.18900394]
[-86.29610073]
[-86.25338733]
[-87.71157163]
[-86.06300017]
[-85.33956763]
[-85.53510427]
[-85.62537692]
[-85.8691474]
[-86.24234725]
[-86.2870036]
[-86.36276422]
[-86.29718657]
[-86.24648531]
[-86.3406194]
[-85.89187439]
[-85.57541477]
[-85.6692229]
[-85.54345674]
[-85.93101541]
[-85.85919389]
[-85.55227206]
[-85.63372809]
[-85.44731962]
[-85.66935365]
[-86.1632892]
[-85.71186597]
[-85.83165818]
[-85.63866365]
[-85.92203826]
[-86.17852893]
[-86.0791549]
[-85.28364955]
[-85.52236703]
[-85.40478515]
[-85.51190911]
[-85.67650867]
[-86.29303621]
[-86.80236016]
[-86.34082871]
[-86.0644063]
[-86.1747015]
[-85.84710203]
[-86.85100961]
[-86.91965923]
[-87.14058444]
[-87.11840575]
[-86.66305718]
[-86.12502267]
[-86.00698606]
[-86.39113944]
[-86.72881635]
[-86.68859833]
[-86.54499003]
[-86.51408434]
[-86.58160468]
[-86.85372208]
[-86.755188]
[-86.11181612]
[-86.16621933]
[-86.16689399]
[-86.24671286]
[-85.68501116]
[-85.46881229]
[-85.8315065]
[-86.03423101]
[-86.16066899]
[-86.78075877]
[-85.919246]
[-86.32385507]
[-86.1017274]
[-86.79502017]
[-86.25931327]
[-85.87962746]
[-85.56434342]
[-85.52151164]
[-85.67858666]
[-86.54343921]
[-86.05294302]
[-86.16250528]
[-86.14287991]
[-86.04006344]
[-86.07883984]
[-86.30962672]
[-86.19252361]
[-86.27592061]
[-86.24388586]
[-86.73317173]
[-86.44375337]
[-86.13339886]
[-85.6117786]
[-86.05686494]
[-85.92641803]
[-85.71031644]
[-87.02126349]
[-87.09803223]
[-86.46333515]
[-87.54260917]
[-85.10353167]
[-83.6694939]
[-84.33998044]
[-84.51335101]
[-84.51588471]
[-84.32666846]
[-84.15292196]
[-83.88276034]
[-84.20695228]
[-84.04929082]
[-84.51652424]
[-84.69387913]
[-84.63876903]
[-83.7727844]
[-82.22996503]
[-82.83626408]
[-82.98228901]
[-83.20604316]
[-83.25465209]
[-83.38453183]
[-84.15416474]
[-83.81682614]
[-83.98002013]
[-83.7412386]
[-83.53488668]
[-83.39515329]
[-83.49956359]
[-83.63156144]
[-83.48515309]
[-83.40359624]
[-83.0273272]
[-83.23451467]
[-84.43128371]
[-84.51860243]
[-84.51009832]
[-84.81090454]
[-85.15330421]
[-85.66037897]
[-84.531347]
[-84.94100497]
[-85.75367061]
[-84.73748192]
[-87.22568181]
[-84.58157231]
[-88.63183918]
[-86.28946131]
[-85.48651138]
[-85.31911589]
[-84.92730397]
[-84.91149629]
[-85.11329332]
[-85.44806225]
[-85.65537634]
[-85.69825686]
[-85.65222627]
[-85.49604178]
[-85.09511265]
[-85.82054551]
[-85.58735378]
[-85.49060826]
[-85.75216637]
[-85.37608682]
[-84.9600636]
[-84.65014602]
[-83.96413389]
[-84.168751]
[-84.54073062]
[-84.58347772]
[-85.2734327]
[-85.26418072]
[-85.14539158]
[-85.10625017]
[-85.04213995]
[-85.19573179]
[-85.48429632]
[-85.38035651]
[-85.09475523]
[-85.22610148]
[-85.04977427]
[-84.98195672]
[-84.94603484]
[-84.99025351]
[-84.90074297]
[-84.86837807]
[-84.80623437]
[-85.05248463]
[-84.91000736]
[-85.1694763]
[-85.40861326]
[-85.39354398]
[-85.26522408]
[-85.00787868]
[-84.88564628]
[-84.80006422]
[-84.90880684]
[-85.046698]
[-85.03038899]
[-85.14713066]
[-84.9562493]
[-85.25243239]
[-85.43281091]
[-85.19622014]
[-85.27825946]
[-85.10519968]
[-85.07083181]
[-85.3975789]
[-85.10151294]
[-85.25438941]
[-85.25049748]
[-84.94695213]
[-84.85956116]
[-85.19881296]
[-85.25594215]
[-85.35235347]
[-85.32404331]
[-85.27084083]
[-85.17406868]
[-85.09168707]
[-85.28384117]
[-85.01046824]
[-84.93501958]
[-84.97453281]
[-84.86053188]
[-84.82671703]
[-84.46553941]
[-84.90334426]
[-84.73116441]
[-85.02527565]
[-84.8940878]
[-84.93078619]
[-85.0590922]
[-85.09016345]
[-84.97538625]
[-85.3488462]
[-85.34923804]
[-85.39005777]
[-85.48749951]
[-85.87934172]
[-85.93738408]
[-86.93372991]
[-87.49330829]
[-86.70094269]
[-87.09089815]
[-87.52363006]
[-86.68476353]
[-86.42662911]
[-86.54655951]
[-86.8049816]
[-86.68866363]
[-86.68378258]
[-86.22972422]
[-86.15052156]
[-86.60516958]
[-86.67416201]
[-86.59400507]
[-86.79105473]
[-86.66664287]
[-87.16723327]
[-86.97216427]
[-87.16287703]
[-87.42828647]
[-87.15921582]
[-86.92717085]
[-86.64907736]
[-86.40514836]
[-86.60166814]
[-86.39932309]
[-86.39971003]
[-86.48631679]
[-86.08961595]
[-86.04000452]
[-85.96292933]
[-85.96596681]
[-85.87103192]
[-85.57853012]
[-85.72999325]
[-86.11528213]
[-86.00044101]
[-85.48066167]
[-84.81503035]
[-83.58030235]
[-84.21111981]
[-86.33643869]
[-85.12221219]
[-85.68536154]
[-85.56062239]
[-84.78229055]
[-84.51455966]
[-84.22210662]
[-84.37197433]
[-84.49330496]
[-84.80839583]
[-84.90621342]
[-84.39106496]
[-84.3108444]
[-84.68966083]
[-84.55233542]
[-84.45274433]
[-84.73110574]
[-84.91717392]
[-84.82668353]
[-84.73093892]
[-84.86485223]
[-85.00846886]
[-84.69522577]
[-84.92899151]
[-85.17821198]
[-84.8991929]
[-84.83734918]
[-84.87163545]
[-84.92294069]
[-84.88061327]
[-84.7906871]
[-84.73659423]
[-84.77354537]
[-84.96888441]
[-84.88129979]
[-84.80208]
[-84.75797123]
[-84.73238077]
[-84.73498611]
[-84.94322687]
[-84.88853414]
[-85.26461779]
[-85.36537647]
[-85.46647678]
[-85.57359233]
[-85.38949114]
[-85.14096382]
[-84.76383609]
[-84.44278257]
[-84.59345419]
[-84.40942507]
[-84.66500042]
[-84.67390906]
[-84.75293397]
[-84.76769678]
[-84.96589579]
[-84.81614623]
[-84.89335161]
[-85.07107763]
[-85.16184362]
[-85.22616231]
[-85.22118321]
[-85.13222299]
[-85.06915502]
[-84.74642633]
[-84.78399784]
[-84.37738448]
[-84.55988349]
[-84.72873965]
[-84.65222394]
[-84.32565421]
[-84.6666876]
[-84.95627499]
[-85.15052274]
[-84.82866674]
[-84.75266231]
[-84.7430691]
[-85.10319655]
[-85.19908308]
[-84.75674885]
[-84.62800435]
[-84.67241912]
[-84.88803651]
[-84.50092907]
[-84.22712501]
[-84.39516058]
[-84.37913237]
[-84.39260643]
[-84.56176491]
[-84.56980756]
[-84.48285591]
[-84.58235098]
[-84.44744492]
[-84.30355643]
[-84.31325997]
[-85.02434386]
[-85.16725475]
[-84.93040354]
[-84.75139847]
[-84.42536519]
[-84.71308768]
[-84.5023802]
[-84.74827643]
[-84.57857607]
[-84.9797788]
[-84.7918361]
[-85.00800385]
[-85.15895246]
[-84.67800097]
[-84.9235699]
[-85.03573059]
[-85.09360203]
[-85.15439826]
[-85.00482636]
[-84.99666483]
[-84.91188382]
[-84.8443595]
[-84.67075816]
[-84.64679943]
[-84.11758227]
[-83.99744639]
[-84.08607721]
[-84.32524143]
[-84.4764726]
[-84.83076291]
[-84.81038836]
[-84.7997901]
[-84.77112271]
[-84.92130396]
[-84.99189841]
[-85.23571303]
[-85.6151963]
[-86.02659403]
[-85.66567635]
[-85.49757941]
[-85.36654094]
[-85.34881823]
[-85.25873467]
[-85.0432869]
[-85.02908926]
[-85.04812824]
[-85.3141891]
[-85.29705913]
[-85.20875256]
[-85.26934496]
[-85.46152433]
[-85.52167799]
[-85.73887624]
[-85.58374331]
[-85.47833576]
[-85.48116727]
[-85.29965612]
[-85.2091534]
[-85.06030855]
[-84.95259421]
[-84.92395442]
[-84.90625556]
[-85.12071053]
[-84.95222897]
[-85.12972341]
[-85.16276602]
[-85.41591067]
[-85.12658573]
[-85.03830024]
[-84.86663528]
[-84.84449923]
[-84.29903216]
[-84.44702154]
[-84.95798626]
[-85.37387535]
[-85.34185941]
[-84.26768163]
[-83.72099819]
[-83.38185123]
[-83.28620045]
[-83.47904172]
[-83.46745019]
[-83.7364096]
[-83.72746858]
[-83.86735751]
[-84.50602617]
[-85.17075735]
[-85.46887903]
[-85.92207991]
[-85.95347507]
[-85.39838809]
[-85.39958521]
[-85.17253973]
[-85.47591776]
[-85.49341868]
[-85.50059626]
[-85.67893912]
[-85.7178462]
[-85.81574777]
[-85.8732908]
[-85.71355209]
[-85.41037868]
[-85.27306187]
[-85.27276941]
[-85.4731923]
[-85.31604753]
[-85.58131646]
[-85.50170402]
[-85.43606213]
[-85.41514324]
[-85.65849831]
[-85.48461069]
[-85.2751115]
[-85.23791959]
[-85.52738661]
[-85.72205683]
[-85.46322168]
[-85.50878533]
[-85.594949]
[-85.40291529]
[-84.77103735]
[-84.32228869]
[-85.08809961]
[-85.70608186]
[-85.93471216]
[-85.51856419]
[-85.69593258]
[-86.7809014]
[-86.7092026]
[-86.81193532]
[-86.78334331]
[-86.80904153]
[-86.98275539]
[-86.74237087]
[-86.56269011]
[-86.87161312]
[-87.27035768]
[-87.51326361]
[-86.78663908]
[-86.32304191]
[-86.24855916]
[-85.7819263]
[-85.61079184]
[-85.25908147]
[-84.89694131]
[-85.10200741]
[-85.2747582]
[-85.40141913]
[-85.44405183]
[-85.55981137]
[-85.99708782]
[-86.99260372]
[-86.86674589]
[-86.07308652]
[-86.13739042]
[-86.23150911]
[-86.40861108]
[-86.25528756]
[-86.38801268]
[-86.44024083]
[-86.67902143]
[-86.93635976]
[-86.54914847]
[-86.27679683]
[-86.26742713]
[-86.23201874]
[-86.21102775]
[-86.56116633]
[-86.72276906]
[-86.75198369]
[-87.09191683]
[-86.95334701]
[-86.62237637]
[-86.4417444]
[-86.31774855]
[-86.11589222]
[-86.31654903]
[-85.70480146]
[-85.57651694]
[-85.89898094]
[-85.92875151]
[-86.38629491]
[-86.09674484]
[-85.9705348]
[-85.96151963]
[-85.89686848]
[-85.5697527]
[-85.92078006]
[-85.94644889]
[-85.87072771]
[-86.06942734]
[-85.97680345]
[-85.56659736]
[-85.83963778]
[-85.71841741]
[-85.58573797]
[-85.8852839]
[-86.13791178]
[-85.87637429]
[-85.7250528]
[-85.70781744]
[-85.2712224]
[-85.97064257]
[-85.38499279]
[-85.45061059]
[-85.85977767]
[-85.66398343]
[-85.56560315]
[-85.81304445]
[-85.56314437]
[-85.37175662]
[-85.47355736]
[-85.50132304]
[-85.39286354]
[-85.70467497]
[-85.48508269]
[-85.53282651]
[-85.33845535]
[-85.2549522]
[-85.1781658]
[-85.48928258]
[-84.96166432]
[-85.15254169]
[-84.93711543]
[-85.34727503]
[-85.18450933]
[-85.38570494]
[-85.63524704]
[-85.91570354]
[-85.77100846]
[-85.79521781]
[-86.01221298]
[-86.04197354]
[-86.0813527]
[-86.22677361]
[-85.91459879]
[-85.83815648]
[-85.98087533]
[-85.86011909]
[-85.56998278]
[-85.50142888]
[-85.46742118]
[-85.48432691]
[-85.51964529]
[-85.5449459]
[-85.84329117]
[-85.69002225]
[-85.65288081]
[-85.70235037]
[-85.59818082]
[-85.60895387]
[-85.65476601]
[-85.89885108]
[-86.01664092]
[-86.16128071]
[-86.09188151]
[-86.26159706]
[-85.88865917]
[-86.15033304]
[-86.63801277]
[-86.63934532]
[-87.09611157]
[-86.81833832]
[-86.64309744]
[-86.46925241]
[-86.52870349]
[-86.50147551]
[-86.1900269]
[-86.82294895]
[-86.93858139]
[-87.06028663]
[-85.90276482]
[-85.04672646]
[-84.38422539]
[-83.93714452]
[-83.72100802]
[-83.54442636]
[-83.64063261]
[-83.53180495]
[-83.60976191]
[-83.58123659]
[-83.3024767]
[-83.18752716]
[-83.38930788]
[-83.19665409]
[-83.3962359]
[-83.37172111]
[-83.58309517]
[-83.53740155]
[-83.52969483]
[-83.83701309]
[-83.69473741]
[-83.73031339]
[-83.49074831]
[-83.43189239]
[-83.47487349]
[-83.95074849]
[-83.87975532]
[-83.98680351]
[-83.80491864]
[-83.83092052]
[-83.82712576]
[-83.9212582]
[-83.74552967]
[-84.05686651]
[-83.95035111]
[-83.63619912]
[-83.71190135]
[-84.24612452]
[-84.31802826]
[-84.53557184]
[-84.70726637]
[-85.36648342]
[-86.4350031]
[-86.93346789]
[-87.36793823]
[-87.64983501]
[-87.72762327]
[-87.61069563]
[-87.42372247]
[-87.45329068]
[-87.68576147]
[-87.45293137]
[-87.01099647]
[-87.03290175]
[-87.13101097]
[-87.42380979]
[-87.06315107]
[-87.83334758]
[-87.04919338]
[-86.74264248]
[-86.71199296]
[-87.02025935]
[-87.3114137]
[-86.80727258]
[-85.14518346]
[-83.9587163]
[-84.00407414]
[-86.27028441]
[-85.47871246]
[-83.64586187]
[-84.59282423]
[-84.58819033]
[-83.33417827]
[-83.09677576]
[-84.17722311]
[-84.87750183]
[-84.454899]
[-84.59120023]
[-84.47937685]
[-84.70954287]
[-84.93820875]
[-85.03581961]
[-84.85586314]
[-84.96450103]
[-84.90138219]
[-84.75029139]
[-84.61774739]
[-84.71015987]
[-84.88606525]
[-84.68214558]
[-84.83861027]
[-84.86238288]
[-85.00083485]
[-84.92984273]
[-84.74150172]
[-84.82108441]
[-85.31364862]
[-85.59054969]
[-85.12298128]
[-84.98542266]
[-84.90092753]
[-84.92923244]
[-85.01736188]
[-85.10282545]
[-85.39333446]
[-84.9737783]
[-84.68158551]
[-84.81699756]
[-84.86081322]
[-84.90781241]
[-85.21598986]
[-84.98208283]
[-85.0461452]
[-85.10903731]
[-85.26781665]
[-85.30021302]
[-85.27592874]
[-85.2633555]
[-85.39980682]
[-85.12745947]
[-85.19479648]
[-85.28384303]
[-85.1018539]
[-85.21234273]
[-85.0254177]
[-85.08932294]
[-85.19122394]
[-85.2120518]
[-85.28780225]
[-85.25803764]
[-85.71975761]
[-85.56978754]
[-85.60883011]
[-85.6144565]
[-85.69630682]
[-85.73486622]
[-85.54880939]
[-85.77586041]
[-85.82661646]
[-85.72273314]
[-85.82346018]
[-85.85031603]
[-85.75856303]
[-85.89430728]
[-85.72470462]
[-85.84592054]
[-85.96564922]
[-86.11167469]
[-85.66713298]
[-85.33640465]
[-85.09017499]
[-85.09855867]
[-85.28543675]
[-85.36490851]
[-85.56858413]
[-86.06032001]
[-85.96865442]
[-85.67795575]
[-85.16563953]
[-84.95454887]
[-85.17891257]
[-84.68303233]
[-84.83692188]
[-84.90180636]
[-85.19842821]
[-85.4489028]
[-85.82886585]
[-85.43662987]
[-85.84150516]
[-85.57627355]
[-85.36780823]
[-85.65389771]
[-85.53652497]
[-85.46203267]
[-85.69995791]
