[-78.57385081]
[-78.79279622]
[-78.88934653]
[-78.79834132]
[-79.10358398]
[-79.19518322]
[-79.04524089]
[-78.9203969]
[-78.85102216]
[-78.93329358]
[-78.85206844]
[-78.83984298]
[-78.85580263]
[-78.97532672]
[-78.93726142]
[-78.95983935]
[-79.02887153]
[-78.81852437]
[-78.93839497]
[-78.8657555]
[-79.16514638]
[-79.10769923]
[-78.9510819]
[-78.73836333]
[-78.65196623]
[-78.92345469]
[-79.04725024]
[-78.7963232]
[-79.17964313]
[-79.09651937]
[-78.50790813]
[-78.53387523]
[-78.53504938]
[-78.48152105]
[-78.75292333]
[-78.83945579]
[-78.91325357]
[-78.84673102]
[-78.66751776]
[-78.74699945]
[-78.69318206]
[-78.74887934]
[-78.92262362]
[-78.81000181]
[-78.84714751]
[-78.59044296]
[-78.90970183]
[-79.06438508]
[-78.82179529]
[-78.56767892]
[-78.82167642]
[-78.82876091]
[-79.07373342]
[-79.01240563]
[-79.03135946]
[-79.19923597]
[-79.07770121]
[-78.87023009]
[-78.83421759]
[-78.58566856]
[-78.82604974]
[-78.96598916]
[-78.81702516]
[-78.63500614]
[-78.84113199]
[-78.65384371]
[-78.82678093]
[-78.72987778]
[-78.93492236]
[-79.10196317]
[-78.88020417]
[-78.80443048]
[-78.83180975]
[-79.0112836]
[-79.22731231]
[-79.19622134]
[-78.81593912]
[-78.84460177]
[-78.76108634]
[-78.81726993]
[-79.03395059]
[-78.87910777]
[-78.93352603]
[-79.2225175]
[-78.96832898]
[-79.02040706]
[-79.04704508]
[-79.00913598]
[-79.2342489]
[-79.06896655]
[-78.70338505]
[-79.0860431]
[-79.02784953]
[-78.87743148]
[-79.0628753]
[-79.10962736]
[-79.04814327]
[-79.11754928]
[-79.15880382]
[-79.21102902]
[-79.18610392]
[-78.8578843]
[-78.98456805]
[-79.03815351]
[-79.1084708]
[-79.1823551]
[-79.06998795]
[-79.23849143]
[-79.28640503]
[-79.29768574]
[-79.43224106]
[-79.02499494]
[-79.19638752]
[-78.97340478]
[-79.03520981]
[-78.97346877]
[-79.14800002]
[-79.00498718]
[-79.09287554]
[-78.97175758]
[-78.85867348]
[-78.74449508]
[-79.1342059]
[-79.20297375]
[-79.05723345]
[-79.2288593]
[-78.99055145]
[-79.0015241]
[-79.18696787]
[-78.9917716]
[-79.06946537]
[-78.82098735]
[-79.05366692]
[-78.83235586]
[-78.91949242]
[-78.83561044]
[-78.93140191]
[-78.96889752]
[-79.32330555]
[-79.11161198]
[-79.20816262]
[-78.91174914]
[-79.14714929]
[-78.98931445]
[-78.89916961]
[-79.07184077]
[-78.75160542]
[-78.98884637]
[-78.87301129]
[-79.02313465]
[-79.02709493]
[-79.02007329]
[-78.95941079]
[-78.86261888]
[-78.75056925]
[-78.87565859]
[-78.98021646]
[-79.20786523]
[-79.18435653]
[-79.11511171]
[-78.948233]
[-78.89461784]
[-79.2352133]
[-79.07139016]
[-79.01117834]
[-79.02371508]
[-78.67389411]
[-78.65094253]
[-78.59195193]
[-78.88438992]
[-78.96526647]
[-79.03209575]
[-78.88131228]
[-78.90827484]
[-78.94084473]
[-78.89446763]
[-78.91233878]
[-78.85717544]
[-78.90837663]
[-79.24629652]
[-79.20370644]
[-79.23222186]
[-79.34829792]
[-78.90677194]
[-78.79935062]
[-78.70753147]
[-78.81417625]
[-78.89009859]
[-78.86470387]
[-78.91285747]
[-78.89177336]
[-78.85675957]
[-78.82424627]
[-78.59053698]
[-79.12282498]
[-79.01699747]
[-78.87950795]
[-78.84062994]
[-78.90089953]
[-78.79296188]
[-78.93964486]
[-78.98864649]
[-79.08817586]
[-79.09866176]
[-79.08603806]
[-79.07444866]
[-78.93873156]
[-78.65113626]
[-78.94624317]
[-78.95125189]
[-79.03138565]
[-79.15488385]
[-78.83766794]
[-78.82061175]
[-78.95954483]
[-79.07973633]
[-78.81784208]
[-79.11487771]
[-79.04958184]
[-78.84685022]
[-78.91990763]
[-78.88158535]
[-79.02335327]
[-79.05568986]
[-78.87477933]
[-78.49336928]
[-78.69225822]
[-78.96176296]
[-78.96393959]
[-79.04799008]
[-79.01504243]
[-78.98325084]
[-78.98590528]
[-79.05080488]
[-78.77769272]
[-78.93496647]
[-78.78777036]
[-78.82439301]
[-78.87960845]
[-79.05923437]
[-79.07469116]
[-79.23152409]
[-79.32877109]
[-79.14841713]
[-79.03913429]
[-79.17381652]
[-79.12849964]
[-79.39335348]
[-79.01278917]
[-79.02332976]
[-78.8890809]
[-78.98486986]
[-79.03393665]
[-79.3450448]
[-79.27414788]
[-79.30481293]
[-79.24636474]
[-79.25357945]
[-79.23167731]
[-79.34888506]
[-79.25297588]
[-79.03560887]
[-79.19534014]
[-79.31163325]
[-79.24050961]
[-79.32770799]
[-79.5371652]
[-79.17122189]
[-79.38186297]
[-79.13510924]
[-79.11244991]
[-79.13286852]
[-79.19185276]
[-79.04830403]
[-79.20117988]
[-79.27924091]
[-79.28678789]
[-79.03787999]
[-79.34320717]
[-79.09771418]
[-79.34904014]
[-79.26290861]
[-79.23818346]
[-79.34045045]
[-79.34327071]
[-79.39270524]
[-79.23851564]
[-79.14113892]
[-79.29756788]
[-79.11337022]
[-79.20023887]
[-79.25987313]
[-79.29795699]
[-79.3978625]
[-79.31875005]
[-79.44260027]
[-79.50522975]
[-79.31637251]
[-79.50916814]
[-79.29291824]
[-79.3542538]
[-79.2730506]
[-79.15587858]
[-79.23107993]
[-79.25953243]
[-79.12079373]
[-79.01583658]
[-79.11200689]
[-79.05854048]
[-79.1120762]
[-79.23608261]
[-79.27589838]
[-79.14276666]
[-79.22975977]
[-79.26707971]
[-79.37970559]
[-79.26367387]
[-79.36890238]
[-79.14230261]
[-79.38145513]
[-79.38205283]
[-79.4031351]
[-79.2711124]
[-79.34242772]
[-79.21018586]
[-79.11366794]
[-79.24601842]
[-79.10536058]
[-79.12861775]
[-79.35501163]
[-79.13598494]
[-79.10213129]
[-79.11860124]
[-79.06192135]
[-79.12770192]
[-79.13032208]
[-79.26264421]
[-79.16363476]
[-79.32588526]
[-79.31259024]
[-79.2173244]
[-79.03275238]
[-78.85744815]
[-78.98085039]
[-78.88541321]
[-78.97885535]
[-79.14470841]
[-79.26117747]
[-79.31685201]
[-79.21419481]
[-79.16551121]
[-79.20041147]
[-79.31490817]
[-79.0848937]
[-78.97450826]
[-79.38926886]
[-79.39805058]
[-79.18796892]
[-79.22916751]
[-79.26139165]
[-79.10225365]
[-79.03651594]
[-79.27373728]
[-79.08601326]
[-79.19252492]
[-79.24700448]
[-79.3252447]
[-79.52454192]
[-79.22587391]
[-78.86969169]
[-78.94956234]
[-78.90511259]
[-79.02226009]
[-79.13875229]
[-79.18249427]
[-79.12527347]
[-78.95457233]
[-79.25321307]
[-79.03800954]
[-78.80608184]
[-78.81308139]
[-78.95094898]
[-79.11075892]
[-79.05790998]
[-78.98458893]
[-79.21027916]
[-79.1722238]
[-78.97416449]
[-78.98763659]
[-78.74085688]
[-78.75244961]
[-78.91304098]
[-78.87264899]
[-79.16994384]
[-79.10415091]
[-79.11865034]
[-79.27094937]
[-79.35592109]
[-79.17144565]
[-79.31108524]
[-79.30458026]
[-79.28640283]
[-79.34133456]
[-79.25662668]
[-79.25596178]
[-79.46559194]
[-79.19858694]
[-79.11313272]
[-78.98373123]
[-78.91566863]
[-78.77050855]
[-78.66964664]
[-78.63358838]
[-78.76270099]
[-78.79083511]
[-78.98017186]
[-79.12365983]
[-79.04083429]
[-79.1443791]
[-79.11409935]
[-78.99741478]
[-79.02481622]
[-79.01613693]
[-78.9116164]
[-78.61983702]
[-78.98069132]
[-78.85859506]
[-78.90757257]
[-78.83095512]
[-78.98470358]
[-78.8835186]
[-79.06566224]
[-78.85125309]
[-78.86599521]
[-78.75259856]
[-78.89008937]
[-79.26437343]
[-79.12777206]
[-78.88806042]
[-79.22094646]
[-79.17473083]
[-79.03422799]
[-78.99978418]
[-78.95600586]
[-78.89208075]
[-79.15907473]
[-78.87641651]
[-79.01003646]
[-79.00516738]
[-79.11931999]
[-79.03633298]
[-78.82896294]
[-78.89792936]
[-78.98773934]
[-78.99062565]
[-79.06792315]
[-78.8976058]
[-79.10961198]
[-78.99499676]
[-78.935693]
[-78.93462078]
[-78.96809716]
[-78.92224757]
[-78.82701805]
[-78.93020055]
[-78.80925092]
[-78.76574748]
[-78.86672485]
[-78.86794897]
[-79.30133852]
[-78.85736503]
[-78.96867546]
[-79.29196512]
[-79.18964689]
[-78.83733116]
[-78.80094098]
[-78.35256034]
[-78.88346291]
[-78.83041272]
[-79.41303244]
[-79.48949083]
[-79.45963945]
[-79.34936994]
[-79.56957675]
[-79.74766595]
[-79.57844849]
[-79.05045013]
[-78.70810199]
[-78.72800133]
[-78.62136906]
[-78.44660811]
[-78.45479015]
[-78.56964447]
[-78.41860944]
[-78.2693314]
[-78.48148735]
[-78.53076957]
[-78.84163718]
[-78.97520855]
[-78.88173471]
[-79.16571885]
[-78.94466458]
[-78.96320733]
[-78.72278533]
[-78.66206104]
[-78.60460796]
[-78.73752697]
[-79.08383771]
[-79.39739007]
[-79.07702681]
[-79.00234213]
[-78.88596813]
[-78.8728781]
[-78.39249212]
[-78.32559528]
[-78.61523918]
[-78.57299888]
[-78.50017283]
[-78.87924416]
[-78.88177691]
[-79.44832855]
[-79.46278305]
[-79.39537299]
[-79.49028189]
[-79.24227323]
[-79.34616511]
[-79.11494121]
[-79.01154375]
[-78.90470639]
[-79.0835358]
[-78.83873129]
[-78.7824337]
[-78.89000083]
[-78.91082744]
[-78.82512693]
[-78.83372979]
[-78.59760508]
[-78.65415874]
[-79.05863541]
[-78.99607599]
[-79.11250253]
[-79.40867817]
[-78.87691083]
[-79.12157768]
[-78.81772682]
[-78.86784384]
[-78.97730907]
[-78.91707146]
[-78.9744236]
[-79.21204432]
[-79.07595775]
[-78.91258062]
[-79.11053747]
[-79.11522274]
[-78.90334233]
[-79.01636053]
[-78.9726536]
[-78.9052622]
[-78.90539276]
[-79.23231571]
[-79.29702101]
[-79.19110707]
[-79.12280973]
[-79.26763061]
[-79.09762317]
[-79.25452083]
[-79.09899061]
[-79.0874935]
[-79.0809139]
[-79.1844386]
[-79.22777726]
[-79.00939094]
[-79.04112233]
[-78.96189435]
[-79.07636189]
[-79.04894947]
[-78.87708095]
[-79.10179265]
[-79.34190966]
[-79.22636496]
[-79.17651339]
[-79.33975137]
[-79.16568174]
[-79.1842818]
[-79.142859]
[-79.09041843]
[-79.11477201]
[-78.91434933]
[-78.99536646]
[-79.02844022]
[-79.02420129]
[-79.14776154]
[-79.106827]
[-79.1085897]
[-79.18202552]
[-79.08227972]
[-79.25729453]
[-79.01163877]
[-79.19965306]
[-79.5932278]
[-79.39080055]
[-79.3000372]
[-79.69627209]
[-79.41362945]
[-79.30358572]
[-79.34548961]
[-79.25157924]
[-79.28437732]
[-79.36960251]
[-79.55139656]
[-79.66248025]
[-79.52509208]
[-79.50630428]
[-79.65125904]
[-79.51911694]
[-79.47868584]
[-79.75527929]
[-79.18847593]
[-79.1483299]
[-79.26739015]
[-78.89163485]
[-79.02211048]
[-79.03522318]
[-79.14059047]
[-79.24273528]
[-79.38120819]
[-79.02542381]
[-78.94287271]
[-79.08443327]
[-79.08405361]
[-79.26914211]
[-79.05254114]
[-79.23660537]
[-79.19158567]
[-79.33020961]
[-79.19583213]
[-79.27616028]
[-79.30865375]
[-79.48034014]
[-79.59900799]
[-79.24780573]
[-79.31997847]
[-79.25300598]
[-79.18013988]
[-79.32235207]
[-79.36124585]
[-79.11006365]
[-79.43669312]
[-79.22740945]
[-79.3025341]
[-79.29103126]
[-79.19340656]
[-79.28927871]
[-79.38359882]
[-79.12543675]
[-78.81849904]
[-78.76144515]
[-78.90029892]
[-78.73897242]
[-78.77554557]
[-78.93714462]
[-78.88791723]
[-78.92219105]
[-78.86963666]
[-78.8357177]
[-79.05896016]
[-78.91896966]
[-78.74874313]
[-78.74282408]
[-78.53177134]
[-78.70035973]
[-78.68362091]
[-78.75542398]
[-78.73773397]
[-78.74490301]
[-78.65468632]
[-78.83172293]
[-78.89131112]
[-78.5218156]
[-78.91814908]
[-78.93273485]
[-78.81245307]
[-78.72806159]
[-78.71009842]
[-78.68186216]
[-78.74959168]
[-78.71559805]
[-78.83393624]
[-78.64567964]
[-78.87293228]
[-78.96959285]
[-78.79974006]
[-78.90975604]
[-78.910106]
[-79.05438287]
[-78.87945666]
[-78.86145311]
[-78.98435999]
[-78.94468567]
[-78.68182084]
[-78.94044194]
[-78.84016075]
[-78.89720264]
[-78.99850263]
[-79.01591815]
[-79.00992235]
[-78.83833952]
[-78.84477897]
[-79.01808596]
[-78.84347034]
[-79.08454642]
[-79.09112027]
[-78.89289353]
[-78.98945773]
[-78.9855256]
[-79.02847303]
[-79.13439678]
[-79.17590646]
[-79.09247204]
[-79.11510521]
[-79.12451314]
[-79.18883457]
[-78.96968964]
[-79.15335494]
[-79.06080085]
[-78.91395841]
[-78.99761495]
[-79.1029286]
[-79.11370461]
[-79.13675761]
[-79.03955973]
[-78.81347307]
[-78.82917045]
[-78.78445244]
[-78.88402178]
[-79.03048918]
[-78.85599113]
[-79.05264162]
[-79.00013992]
[-78.83493124]
[-78.91750026]
[-79.04426742]
[-78.94144985]
[-79.13946414]
[-79.15644807]
[-79.1548882]
[-79.12738396]
[-78.95877501]
[-79.12809394]
[-78.97841321]
[-78.98950123]
[-79.08061555]
[-79.03242577]
[-78.85012221]
[-79.21986755]
[-79.08305855]
[-78.89837677]
[-78.93627267]
[-79.03541295]
[-79.12566043]
[-78.92401889]
[-79.04805126]
[-79.02669578]
[-78.84511544]
[-78.95117996]
[-78.99805302]
[-78.94318874]
[-79.08228604]
[-79.28399703]
[-79.01799517]
[-79.16999123]
[-79.2236302]
[-78.8608118]
[-79.0623714]
[-78.90484235]
[-79.00827553]
[-78.89641437]
[-78.73684955]
[-79.10330925]
[-78.9875495]
[-79.22368911]
[-79.04682122]
[-78.92141541]
[-79.07815988]
[-78.97682812]
[-79.07287225]
[-79.12670978]
[-78.96664401]
[-79.21827217]
[-79.10183644]
[-79.21695014]
[-79.11074374]
[-78.95136439]
[-78.85944047]
[-78.90408376]
[-78.98173258]
[-78.90403044]
[-78.92014542]
[-79.0297008]
[-78.916671]
[-78.84951496]
[-78.75231534]
[-78.91754077]
[-78.97081231]
[-78.9420304]
[-78.80383786]
[-78.90500578]
[-78.6211414]
[-78.80396304]
[-79.14167411]
[-79.04345055]
[-79.02780366]
[-79.04931743]
[-79.17517903]
[-78.98154517]
[-78.92834146]
[-78.66578735]
[-79.00191167]
[-78.7251016]
[-78.62016987]
[-78.75326913]
[-78.93323984]
[-78.58316375]
[-78.89090548]
[-78.6324556]
[-78.70195033]
[-78.68956369]
[-78.8063022]
[-78.94043693]
[-79.21243488]
[-79.07943939]
[-79.02429312]
[-78.97135339]
[-78.9493536]
[-78.91535196]
[-78.8622184]
[-79.00497346]
[-79.21725974]
[-79.07858455]
[-78.87552408]
[-79.00065261]
[-79.0782388]
[-78.94737677]
[-78.86217209]
[-78.83311164]
[-78.85169249]
[-78.81296827]
[-79.03040862]
[-79.05635749]
[-79.36208989]
[-79.09835355]
[-79.20655195]
[-79.15435278]
[-79.10339228]
[-79.25576608]
[-79.4329494]
[-79.16359638]
[-79.00643541]
[-79.04895478]
[-79.19493825]
[-79.30725246]
[-79.16181187]
[-78.9238854]
[-78.84740982]
[-79.19853202]
[-79.02234023]
[-79.15960044]
[-79.1795138]
[-79.15995307]
[-79.34848763]
[-79.31541261]
[-79.24357105]
[-79.20741599]
[-79.37546516]
[-79.3459425]
[-78.98485108]
[-79.12070045]
[-79.09721774]
[-78.80623889]
[-78.68853188]
[-78.71916473]
[-78.65538894]
[-78.75012394]
[-78.69052518]
[-78.76784253]
[-78.39728869]
[-78.59419143]
[-78.56674019]
[-78.45303566]
[-78.69569673]
[-78.78204893]
[-78.67682762]
[-78.61825863]
[-78.94783322]
[-78.80187641]
[-78.79128675]
[-78.60735192]
[-78.59556317]
[-78.63911355]
[-78.58420639]
[-78.56631492]
[-78.49425722]
[-78.50678824]
[-78.75776272]
[-78.78432106]
[-78.78293439]
[-78.74675155]
[-78.84037433]
[-78.7138729]
[-78.73829944]
[-78.33387244]
[-78.49360666]
[-78.63219153]
[-78.52328983]
[-78.58535665]
[-78.7453332]
[-78.67202856]
[-78.64354636]
[-78.389166]
[-78.61061761]
[-78.78880055]
[-78.77882289]
[-78.80470426]
[-78.74813809]
[-78.57750744]
[-78.49978741]
[-78.6439716]
[-78.59346487]
[-78.76749078]
[-78.9616579]
[-78.81241238]
[-78.57356053]
[-78.72943686]
[-78.67989363]
[-78.7557879]
[-78.88499644]
[-78.8737928]
[-78.73085092]
[-78.83359172]
[-78.74772995]
[-78.76701836]
[-78.84053914]
[-78.86447014]
[-78.67210769]
[-78.69408484]
[-78.6295071]
[-78.81714055]
[-78.91223715]
[-78.75245303]
[-78.68099437]
[-78.7062341]
[-78.76024132]
[-78.96661595]
[-78.71852265]
[-78.75350116]
[-78.64593186]
[-78.77865397]
[-78.91218356]
[-78.74015413]
[-78.77166149]
[-79.07062578]
[-78.86893084]
[-78.90437149]
[-78.87156163]
[-78.75784648]
[-78.91656757]
[-78.71600543]
[-78.96753229]
[-78.92434846]
[-78.82752242]
[-78.82418718]
[-78.63527999]
[-78.85545627]
[-78.80682076]
[-78.86388852]
[-78.89607806]
[-78.71401]
[-78.7975127]
[-78.78655697]
[-78.95543417]
[-78.88342186]
[-78.95106058]
[-78.75267455]
[-78.7132836]
[-78.82587417]
[-78.78235208]
[-78.88109]
[-79.02811385]
[-78.89519243]
[-78.78545705]
[-78.87116963]
[-78.78295516]
[-78.89938257]
[-78.87052283]
[-78.87339914]
[-78.87705933]
[-78.96702905]
[-78.96148653]
[-78.82132361]
[-78.68856054]
[-78.87123111]
[-78.89857688]
[-78.89026221]
[-78.8196551]
[-78.83549511]
[-78.85284642]
[-79.08313894]
[-78.62447549]
[-78.55326889]
[-78.81405242]
[-78.78205325]
[-78.83262985]
[-78.54546854]
[-78.74749368]
[-78.32712382]
[-78.63422696]
[-78.80896023]
[-78.59931335]
[-78.70745639]
[-78.85626243]
[-78.65853056]
[-78.8377192]
[-78.73180213]
[-78.87291334]
[-78.90783379]
[-78.69857708]
[-78.65363733]
[-78.73234417]
[-78.6407618]
[-78.5809988]
[-79.01059981]
[-79.19941175]
[-79.17436915]
[-79.19996496]
[-79.06599661]
[-78.6301347]
[-79.05715574]
[-79.28251475]
[-79.05900385]
[-79.07001338]
[-79.22231791]
[-79.2754097]
[-79.13000148]
[-79.23090443]
[-79.15038148]
[-79.25823766]
[-79.20727408]
[-79.12426662]
[-78.96719563]
[-79.21273064]
[-79.32295946]
[-79.03653797]
[-79.09861496]
[-79.06759134]
[-78.95815167]
[-78.95661396]
[-78.88186073]
[-79.09841771]
[-78.93995937]
[-79.11323347]
[-79.03437255]
[-79.11726211]
[-78.97003921]
[-79.01243672]
[-79.2337024]
[-79.06504334]
[-78.70077431]
[-78.64444464]
[-78.76455979]
[-78.66234693]
[-78.64862045]
[-78.66382986]
[-78.58475347]
[-78.48008352]
[-78.56117739]
[-78.40600638]
[-78.35839563]
[-78.50766254]
[-78.54195056]
[-78.72976544]
[-78.74686956]
[-78.95936891]
[-79.02250789]
[-78.81474486]
[-78.83338229]
[-78.79538271]
[-78.79000394]
[-78.74167839]
[-78.89193258]
[-78.56705035]
[-78.63346821]
[-78.50371562]
[-78.48324604]
[-78.57352859]
[-78.75046951]
[-78.47995986]
[-78.63239541]
[-78.40694974]
[-78.85819368]
[-78.99279631]
[-78.70458643]
[-78.81167048]
[-78.89469815]
[-79.04974819]
[-78.78154206]
[-78.8483098]
[-79.07377052]
[-79.07914551]
[-78.67213186]
[-78.87557692]
[-78.84680659]
[-79.12750156]
[-78.79917446]
[-78.64718096]
[-78.67370914]
[-78.83436532]
[-78.69056918]
[-78.9992852]
[-78.80405721]
[-79.06112835]
[-79.13497923]
[-79.03973476]
[-78.96110446]
[-79.0093091]
[-78.74467075]
[-78.84059339]
[-79.12354656]
[-78.93650737]
[-78.92021178]
[-78.93494137]
[-78.99644149]
[-79.01454996]
[-78.96461066]
[-79.05100603]
[-79.00424828]
[-78.75836107]
[-78.86937738]
[-78.91549519]
[-79.04301425]
[-78.7984931]
[-78.86693045]
[-78.76298363]
[-78.6963402]
[-78.83388897]
[-78.95661234]
[-78.95140523]
[-78.8992676]
[-78.70181747]
[-79.04320397]
[-78.74466467]
[-78.84621149]
[-78.71734089]
[-78.90369765]
[-78.86617496]
[-78.83283873]
[-79.09959549]
[-79.00501298]
[-78.8833042]
[-78.94069514]
[-78.74861262]
[-78.76124075]
[-78.69672603]
[-78.60328717]
[-78.84461617]
[-78.68627441]
[-78.70494651]
[-78.64630491]
[-78.71981867]
[-78.58374462]
[-78.74882736]
[-78.62225697]
[-78.88322262]
[-78.74871391]
[-78.73981717]
[-78.81792985]
[-79.21222992]
[-78.85297915]
[-78.85044398]
[-78.75665012]
[-78.5245714]
[-78.63031299]
[-78.64931249]
[-78.57628345]
[-78.40458801]
[-78.64567844]
[-78.4823938]
[-78.53311687]
[-78.93780219]
[-78.77881695]
[-78.66245865]
[-78.68037228]
[-78.66215306]
[-78.86252456]
[-78.96494196]
[-79.08140848]
[-78.77515578]
[-79.02250311]
[-79.0753915]
[-79.03262857]
[-78.92411007]
