[-77.69973732]
[-77.56532262]
[-77.91038354]
[-77.8559344]
[-77.79397276]
[-77.67912836]
[-77.69639362]
[-77.66423704]
[-77.52849854]
[-77.46231075]
[-77.37843249]
[-77.37154172]
[-77.52727838]
[-77.41555878]
[-77.34360085]
[-77.25471611]
[-77.30966256]
[-77.37585029]
[-77.33310656]
[-77.48492281]
[-77.32311254]
[-77.43232725]
[-77.22348526]
[-77.37136465]
[-77.61455798]
[-77.14749752]
[-77.38753202]
[-77.71666549]
[-77.62323359]
[-77.62541109]
[-77.48958758]
[-77.54078493]
[-77.03225583]
[-77.58069376]
[-77.47685098]
[-77.54545229]
[-77.91283436]
[-78.00115458]
[-77.86851422]
[-77.95276028]
[-78.19947217]
[-77.92553695]
[-77.83311126]
[-77.56472254]
[-77.6192294]
[-77.36417739]
[-77.36587768]
[-77.51494529]
[-77.35579147]
[-77.32169549]
[-77.58199689]
[-77.47496997]
[-77.44814057]
[-77.4941152]
[-77.65883604]
[-77.77511885]
[-77.72743276]
[-77.80787064]
[-77.95315468]
[-77.82067569]
[-77.54353854]
[-77.53137555]
[-77.51740976]
[-77.46412434]
[-77.3887792]
[-77.55299661]
[-77.71598789]
[-77.85250691]
[-77.8804328]
[-77.63212484]
[-78.05821359]
[-78.08244405]
[-77.90849887]
[-77.85262145]
[-77.89724055]
[-77.93787055]
[-78.14749596]
[-78.23068507]
[-78.25494371]
[-78.03440918]
[-78.1082493]
[-77.6987725]
[-77.57361903]
[-77.5842715]
[-77.79138137]
[-77.74936815]
[-77.87813744]
[-77.80157379]
[-77.58055775]
[-77.75992624]
[-77.83650925]
[-77.65618282]
[-77.74795716]
[-77.9748709]
[-78.12824849]
[-78.12974589]
[-78.36188402]
[-78.43505212]
[-78.33152615]
[-78.25696695]
[-78.21773162]
[-77.95285759]
[-77.73546297]
[-77.7501095]
[-77.76772845]
[-77.66175242]
[-77.76176284]
[-77.65183374]
[-77.75789359]
[-77.82227447]
[-77.6675086]
[-77.93485459]
[-77.97242407]
[-77.77756857]
[-78.0566628]
[-77.95035902]
[-78.13605237]
[-77.86406096]
[-78.08118303]
[-77.98770914]
[-77.80179251]
[-77.78853384]
[-78.0238187]
[-77.90816191]
[-77.71655232]
[-77.77566967]
[-77.73716202]
[-77.59625677]
[-77.73953129]
[-77.74213904]
[-77.85689863]
[-77.87260189]
[-78.003223]
[-77.92435952]
[-77.76947609]
[-77.60893541]
[-77.78344676]
[-77.80822585]
[-77.59794667]
[-77.71373505]
[-77.71787372]
[-77.64288661]
[-77.82914097]
[-77.91455479]
[-77.89814847]
[-77.82759421]
[-77.72801371]
[-77.87332861]
[-77.88328286]
[-77.80472589]
[-78.06463181]
[-78.03043808]
[-78.10544706]
[-78.16216154]
[-78.11080943]
[-77.89628364]
[-78.01333618]
[-77.95473163]
[-78.22865156]
[-77.88786228]
[-77.83065638]
[-77.96404203]
[-77.99938575]
[-78.02303623]
[-78.10226301]
[-77.90344041]
[-77.78609294]
[-77.45488484]
[-77.05213788]
[-77.30632068]
[-77.99914974]
[-78.56647422]
[-78.72517581]
[-79.02334091]
[-78.9695847]
[-78.84306647]
[-78.9868794]
[-79.23732158]
[-78.87125141]
[-78.69148723]
[-78.35816166]
[-78.63574343]
[-78.50720005]
[-78.08394879]
[-78.6213201]
[-78.37197186]
[-78.03519077]
[-77.98050261]
[-77.94789076]
[-78.18616179]
[-78.2182077]
[-78.11415602]
[-78.23976592]
[-78.06757672]
[-77.77951108]
[-77.98592993]
[-78.00486932]
[-77.84450637]
[-78.13823369]
[-78.41083988]
[-78.53913474]
[-78.66209268]
[-78.49854147]
[-78.14278374]
[-78.19047984]
[-78.2777984]
[-78.27011348]
[-78.26073532]
[-78.02263309]
[-78.22435596]
[-78.34330671]
[-78.49464274]
[-78.36376312]
[-78.45947181]
[-78.66731082]
[-78.49909802]
[-78.66754968]
[-78.52866652]
[-78.48920485]
[-78.40013383]
[-78.27090269]
[-78.41950333]
[-78.26390891]
[-78.37930966]
[-78.25887901]
[-78.32892893]
[-78.23948248]
[-77.96032667]
[-77.8752443]
[-78.09194254]
[-77.97059052]
[-78.12933567]
[-77.78573833]
[-77.913641]
[-77.98645661]
[-78.01892696]
[-78.13227721]
[-77.85175484]
[-78.02560561]
[-77.84820783]
[-77.78493589]
[-77.97745026]
[-77.88700736]
[-78.02963818]
[-78.12391042]
[-78.03977376]
[-77.92491107]
[-77.89670144]
[-78.0870455]
[-78.12227329]
[-78.17889777]
[-78.11234334]
[-78.17599372]
[-78.15310215]
[-78.16481527]
[-78.29349704]
[-78.22922582]
[-77.95264535]
[-78.17251064]
[-78.06763176]
[-77.9718865]
[-78.06511613]
[-78.1678631]
[-78.09301651]
[-77.99923151]
[-77.98846357]
[-78.14712744]
[-78.21753572]
[-78.19239551]
[-77.94900282]
[-78.04629098]
[-77.88969985]
[-78.09224289]
[-78.14044706]
[-77.91230371]
[-78.07939262]
[-77.99608191]
[-78.20898439]
[-78.09520889]
[-77.98158959]
[-77.60381158]
[-77.9234014]
[-77.94616453]
[-78.1635104]
[-77.9957763]
[-78.15339365]
[-77.87300291]
[-77.98154189]
[-77.91465147]
[-77.76695717]
[-77.92934216]
[-78.17200571]
[-77.83676244]
[-77.83561769]
[-77.88516381]
[-77.96588882]
[-78.12106904]
[-78.03246228]
[-78.24346579]
[-77.92780731]
[-77.90722361]
[-78.11203763]
[-77.90253607]
[-77.96688047]
[-77.99676249]
[-78.151613]
[-78.08824486]
[-77.80619882]
[-77.83403481]
[-77.94032662]
[-77.82791685]
[-78.08685655]
[-78.02797243]
[-78.09448075]
[-78.52769587]
[-78.02484487]
[-77.97791531]
[-78.13465079]
[-78.00906668]
[-78.24945987]
[-78.12408666]
[-78.10847443]
[-78.25461396]
[-78.06622794]
[-77.7679703]
[-77.90768247]
[-78.13323965]
[-78.36813249]
[-78.0126501]
[-78.08308723]
[-78.07527209]
[-77.9320765]
[-77.86049733]
[-77.88868932]
[-77.86281599]
[-77.91692894]
[-77.82042952]
[-77.98325699]
[-77.95449239]
[-77.917178]
[-77.85402819]
[-77.73072861]
[-77.65419704]
[-77.91820547]
[-77.89926355]
[-77.84760591]
[-77.86355578]
[-77.82907138]
[-77.80614668]
[-77.83562503]
[-77.83674842]
[-77.93359937]
[-78.0642704]
[-78.57205983]
[-78.38040638]
[-78.4017846]
[-77.87261208]
[-78.05995575]
[-77.65026539]
[-77.71021685]
[-77.80834641]
[-77.91424088]
[-77.77993698]
[-77.64672744]
[-77.60466945]
[-77.94471204]
[-77.90532964]
[-77.95849302]
[-78.24076259]
[-78.59898911]
[-78.55307405]
[-78.39700116]
[-78.41456687]
[-78.04760636]
[-78.44441461]
[-78.2284535]
[-78.17411475]
[-78.07491277]
[-77.82049727]
[-77.85333623]
[-77.80417825]
[-77.81753714]
[-77.86829386]
[-77.95939855]
[-77.94799062]
[-77.75465057]
[-78.00438041]
[-78.10519689]
[-78.35716347]
[-78.22000886]
[-78.16782808]
[-78.13634356]
[-78.22333745]
[-77.97120097]
[-77.78121394]
[-77.62308309]
[-77.94280278]
[-77.88009019]
[-77.86414048]
[-77.97166725]
[-78.20144055]
[-78.14083524]
[-78.21172227]
[-78.04452578]
[-78.13414973]
[-78.11878594]
[-77.93232245]
[-77.94700203]
[-77.88396367]
[-77.78954263]
[-78.01884355]
[-77.98750423]
[-77.98726317]
[-78.11507296]
[-78.08702194]
[-77.82053903]
[-78.04413997]
[-78.11512669]
[-78.3375952]
[-78.21067417]
[-78.14932455]
[-78.10151499]
[-78.58519074]
[-78.67735167]
[-78.9124712]
[-78.47143193]
[-77.61149075]
[-77.02856208]
[-77.14990437]
[-77.37438328]
[-77.32350566]
[-77.63518539]
[-77.79246207]
[-77.96607637]
[-78.03381081]
[-78.61937012]
[-78.23738137]
[-77.9262505]
[-78.29819567]
[-78.35617225]
[-78.19538573]
[-78.60210875]
[-78.59475548]
[-78.46786118]
[-78.71384667]
[-78.21181009]
[-77.91717454]
[-77.86485758]
[-78.18147041]
[-78.50264088]
[-78.61734609]
[-78.45288032]
[-78.11480584]
[-77.93077293]
[-77.61938837]
[-77.72788032]
[-78.39186025]
[-79.12762628]
[-79.16370619]
[-79.07156737]
[-78.31154442]
[-77.64889896]
[-77.86772823]
[-78.15007805]
[-78.11691622]
[-77.77609515]
[-77.45720858]
[-77.74662679]
[-77.9238564]
[-77.70176089]
[-77.68311301]
[-77.76199613]
[-77.94498155]
[-78.13030487]
[-78.16550607]
[-78.00448667]
[-78.15132999]
[-78.23102568]
[-78.47969338]
[-78.26891837]
[-78.22292988]
[-78.07082577]
[-77.66119549]
[-77.4377179]
[-77.26632237]
[-77.55641289]
[-77.52342427]
[-77.59916455]
[-77.78040854]
[-77.67530256]
[-77.72315841]
[-77.45681092]
[-77.60501883]
[-77.32452805]
[-77.46967077]
[-77.69095564]
[-77.83699373]
[-77.53365951]
[-77.53681946]
[-77.52314339]
[-77.48594418]
[-77.51456826]
[-77.56672455]
[-77.41097134]
[-77.55185746]
[-77.55597018]
[-77.44368153]
[-77.68487814]
[-77.53743674]
[-77.47315411]
[-77.34702522]
[-77.19787541]
[-77.33557726]
[-77.48902138]
[-77.37542211]
[-77.40098053]
[-77.63312989]
[-77.59380574]
[-77.54394058]
[-77.4621227]
[-77.40623039]
[-77.41131815]
[-77.40110165]
[-77.44747318]
[-77.33550895]
[-77.29904569]
[-77.18702218]
[-77.46118077]
[-77.49669364]
[-77.29384227]
[-77.39918908]
[-77.29929311]
[-77.20011802]
[-77.22386416]
[-77.40664166]
[-77.38267878]
[-77.36449074]
[-77.03937324]
[-77.33388298]
[-77.35998052]
[-77.28343688]
[-77.17981171]
[-77.25183538]
[-77.07017316]
[-77.2774228]
[-77.01762628]
[-77.06889065]
[-77.12674492]
[-76.96143888]
[-76.97120181]
[-76.89235113]
[-77.20148229]
[-77.40157727]
[-77.46460994]
[-77.39477399]
[-77.3339353]
[-77.27478812]
[-77.29762339]
[-77.26085099]
[-77.42962416]
[-77.51477011]
[-77.53544664]
[-77.79988438]
[-77.42790105]
[-77.26522071]
[-77.75280596]
[-78.12249287]
[-77.87673671]
[-77.58061585]
[-77.39976445]
[-77.57729071]
[-77.82611835]
[-78.05054266]
[-78.31079743]
[-78.19067347]
[-78.05245635]
[-78.12897277]
[-78.21427278]
[-78.14309943]
[-78.00090279]
[-78.37339177]
[-78.1120517]
[-77.87787789]
[-77.94545687]
[-77.99284491]
[-77.68861273]
[-77.7385131]
[-77.92148487]
[-77.91395489]
[-77.91740966]
[-77.83685036]
[-77.69732056]
[-77.81988738]
[-77.86671312]
[-77.99221179]
[-77.87775463]
[-78.09573446]
[-78.09138498]
[-78.40582678]
[-78.31115723]
[-78.24584448]
[-78.03962946]
[-78.44328607]
[-78.00633218]
[-77.98113661]
[-77.92038616]
[-78.23824982]
[-78.19810062]
[-77.82673649]
[-77.80688517]
[-77.38131107]
[-77.7690321]
[-77.72256007]
[-77.81313101]
[-77.86235341]
[-77.87441362]
[-78.09048048]
[-77.55241234]
[-77.63894387]
[-77.52348475]
[-77.43974495]
[-77.33280939]
[-77.7343616]
[-77.69196633]
[-77.39363871]
[-77.48800851]
[-77.34093755]
[-77.23518314]
[-77.48577357]
[-77.46241753]
[-77.5005955]
[-77.78836415]
[-77.58883546]
[-77.66064628]
[-77.9188811]
[-78.07522722]
[-78.07737903]
[-77.98097913]
[-78.03500218]
[-78.023741]
[-77.94174943]
[-77.89291643]
[-77.65175144]
[-77.75277656]
[-77.58236449]
[-77.52422781]
[-77.55236936]
[-77.41485621]
[-77.7991695]
[-77.93894057]
[-77.84179532]
[-78.02802225]
[-77.91997681]
[-77.79096715]
[-77.9503325]
[-77.77617065]
[-78.01198823]
[-77.83479752]
[-77.77671003]
[-77.7744674]
[-77.65038272]
[-77.93522965]
[-77.79027262]
[-77.72685453]
[-77.53931147]
[-77.75537337]
[-77.74594488]
[-77.7165411]
[-77.64070195]
[-77.94646065]
[-77.96174746]
[-77.71094242]
[-77.8366636]
[-77.77052789]
[-77.72399251]
[-77.83523057]
[-77.80959447]
[-77.8428341]
[-77.92131177]
[-77.9790569]
[-77.95491639]
[-77.76828527]
[-78.05060665]
[-77.71622246]
[-77.69410084]
[-77.66631649]
[-77.55265291]
[-77.50847081]
[-77.61899224]
[-77.63354382]
[-77.6070189]
[-77.9347633]
[-77.81866647]
[-77.9173916]
[-77.87416041]
[-77.73166473]
[-77.75194042]
[-77.88421467]
[-77.94576785]
[-77.84832216]
[-77.90263651]
[-77.98163675]
[-77.84287271]
[-77.76124745]
[-77.87420803]
[-77.74378627]
[-77.8143363]
[-77.41240719]
[-77.64471248]
[-77.73114711]
[-77.62159165]
[-77.61183446]
[-77.7100393]
[-77.75256625]
[-77.87631946]
[-77.65648936]
[-77.76069039]
[-77.96553313]
[-78.02702649]
[-77.73445152]
[-77.73046315]
[-77.8062851]
[-77.80811123]
[-77.97964173]
[-77.96374478]
[-77.76506507]
[-78.01590429]
[-77.91883055]
[-78.24335301]
[-78.13552155]
[-78.20660583]
[-78.20463775]
[-78.18966166]
[-78.51075078]
[-78.44518246]
[-78.4583014]
[-78.30745561]
[-78.14980562]
[-78.13669144]
[-78.20271549]
[-78.08567953]
[-78.33997451]
[-78.19223886]
[-78.25785602]
[-78.27859325]
[-78.1941307]
[-78.34178653]
[-78.34120056]
[-78.19740084]
[-78.18193574]
[-78.19977106]
[-78.04066531]
[-78.11369722]
[-78.21842803]
[-78.20389524]
[-78.15244293]
[-78.09376685]
[-78.23028803]
[-78.02450514]
[-78.19823387]
[-78.05710128]
[-78.0138255]
[-77.80288757]
[-77.8540799]
[-78.03386972]
[-78.16386326]
[-78.01882494]
[-78.20932335]
[-78.33198028]
[-78.17285101]
[-77.89400679]
[-77.81597985]
[-77.47757914]
[-77.36091791]
[-77.0399762]
[-76.78380346]
[-76.63415852]
[-76.89664341]
[-76.81288057]
[-76.84654985]
[-76.86954668]
[-76.830371]
[-76.85547636]
[-76.73461708]
[-76.56625237]
[-76.77059074]
[-76.97716235]
[-77.14933673]
[-77.24108827]
[-77.45416578]
[-77.64924397]
[-77.58844214]
[-77.4045346]
[-77.39888535]
[-77.4644381]
[-77.33427706]
[-77.61321905]
[-77.52803493]
[-77.39552766]
[-77.47723324]
[-77.53411853]
[-77.41214609]
[-77.26708599]
[-77.00465509]
[-77.19323217]
[-77.35980781]
[-77.20716119]
[-77.39328169]
[-77.46944569]
[-77.37115326]
[-77.53820031]
[-77.32562641]
[-77.39899779]
[-77.50102217]
[-77.48141451]
[-77.41807104]
[-77.4164089]
[-77.44789735]
[-77.42082236]
[-77.61615481]
[-77.74892364]
[-78.06213079]
[-78.10692748]
[-78.45643655]
[-78.76951416]
[-78.56166078]
[-78.38985827]
[-78.27015946]
[-78.17044371]
[-78.32676613]
[-78.50500658]
[-78.44506576]
[-78.80824426]
[-78.43103534]
[-78.49905514]
[-78.5787666]
[-78.53958939]
[-78.50159249]
[-78.59409657]
[-78.61773489]
[-78.35278452]
[-78.14154653]
[-78.22835753]
[-78.28140718]
[-78.21072469]
[-78.3377852]
[-77.99942838]
[-78.22076855]
[-78.22231082]
[-78.16152804]
[-78.28369846]
[-78.32470038]
[-78.40120027]
[-78.58234273]
[-78.46495724]
[-78.64534191]
[-78.41971233]
[-78.25842619]
[-78.3845175]
[-78.42657358]
[-78.55553504]
[-78.74407491]
[-79.03220974]
[-78.65179021]
[-78.77709089]
[-78.78744777]
[-78.56309431]
[-78.76948928]
[-78.50578851]
[-78.71986377]
[-78.59694535]
[-78.69700947]
[-78.53938771]
[-78.41653476]
[-78.54580668]
[-78.19613566]
[-78.53191509]
[-78.33451657]
[-78.31277032]
[-78.28524219]
[-78.56247486]
[-78.11787915]
[-78.02470812]
[-78.09608394]
[-78.11714562]
[-78.22519507]
[-78.00782359]
[-78.06397984]
[-78.17154413]
[-78.12079531]
[-78.03377541]
[-77.73609234]
[-77.84715469]
[-77.91953135]
[-77.75683277]
[-77.80824375]
[-77.82321181]
[-77.85456168]
[-77.87544252]
[-77.99266191]
[-77.88734305]
[-77.94247467]
[-77.8503479]
[-77.93083279]
[-78.00209878]
[-78.26792469]
[-78.16024864]
[-78.08734923]
[-78.17242982]
[-78.01850506]
[-77.98113086]
[-77.81641572]
[-77.73012821]
[-77.74743511]
[-77.66591564]
[-77.77288243]
[-77.84841678]
[-77.98945565]
[-78.00892648]
[-77.93762544]
[-77.87996835]
[-77.94962426]
[-77.86802694]
[-77.92478534]
[-77.97285994]
[-77.84097559]
[-78.07074015]
[-77.87339266]
[-77.93239591]
[-77.99237765]
[-77.94437099]
[-78.09409301]
[-78.20592721]
[-77.80965406]
[-78.05222562]
[-77.73571663]
[-78.0214509]
[-77.84738339]
[-77.84620172]
[-77.82930337]
[-77.78607849]
[-77.81330717]
[-77.95460686]
[-78.12807085]
[-78.03561407]
[-78.08145205]
[-78.03995865]
[-77.97798952]
[-77.88169128]
[-78.09600745]
[-78.00311249]
[-77.86681041]
[-77.88613323]
[-77.90927988]
[-77.80017838]
[-77.79372324]
[-77.7271831]
[-77.67083993]
[-77.74396434]
[-77.9167551]
[-78.33584725]
[-78.76707074]
[-78.60694683]
[-78.6935977]
[-78.86009083]
[-78.69945209]
[-78.67878718]
[-78.62177276]
[-78.545379]
[-78.37068315]
[-78.41679497]
[-78.06910947]
[-78.27376629]
[-77.62541355]
[-77.52496949]
[-77.32227575]
[-77.39474778]
[-77.12837111]
[-77.29438229]
[-77.14598262]
[-76.96612965]
[-77.22762499]
[-77.09045789]
[-77.23519318]
[-77.0737799]
[-77.18862851]
[-77.177219]
[-77.13614777]
[-77.23417423]
[-77.36219379]
[-77.181083]
[-77.31628455]
[-77.4744478]
[-77.58063466]
[-77.35012731]
[-77.42748085]
[-77.27585798]
[-77.15697888]
[-77.18979851]
[-77.21287942]
[-77.34274809]
[-77.3924931]
[-77.37517529]
[-77.01134146]
[-77.31803004]
[-77.34592469]
[-77.2356372]
[-77.55291295]
[-77.56683096]
[-77.92291112]
[-77.68383638]
[-77.6364209]
[-77.30234203]
[-77.28635855]
[-77.32205401]
[-77.28586546]
[-77.2661499]
[-77.15853796]
[-77.120896]
[-77.03294276]
[-77.19462646]
[-77.20676344]
[-77.33502772]
[-77.32608614]
[-77.29337941]
[-77.55681969]
[-77.34503652]
[-77.47684238]
[-77.48069923]
[-77.45688951]
[-77.43442493]
[-77.47783855]
[-77.59595877]
[-77.66177516]
[-77.52437021]
[-77.37378505]
[-77.4336895]
[-77.56053203]
[-77.77714595]
[-78.11083483]
[-77.83023799]
[-78.0408662]
[-78.10575716]
[-78.01552044]
[-78.0591483]
[-78.55882715]
[-78.89677216]
[-78.78176134]
[-78.77439958]
[-79.07934695]
[-79.20379747]
[-79.36400311]
[-79.24173528]
[-79.17342776]
[-79.28192134]
[-79.1543756]
[-79.41399733]
[-79.10817574]
[-79.27080794]
[-79.1970553]
[-79.33227309]
[-78.924545]
[-79.14602456]
[-79.23501374]
[-79.06978256]
[-79.1634079]
[-78.99076402]
[-78.98343176]
[-78.88700433]
[-78.81459244]
[-78.98310979]
[-79.0253122]
[-79.26561397]
[-79.14286909]
[-79.37458405]
[-79.31888552]
[-79.44288234]
[-79.51679312]
[-79.38219919]
[-79.30691437]
[-79.2516701]
[-79.3960744]
[-79.203078]
[-79.13009634]
[-79.05969426]
[-78.9176207]
[-78.88184607]
[-78.83170344]
[-78.87738103]
[-79.0173316]
[-79.00335428]
[-79.22511657]
[-79.23592126]
[-79.00327466]
[-79.2210313]
[-78.98728653]
[-79.12329835]
[-79.07903836]
[-79.03618933]
[-78.97977717]
[-79.09774453]
[-79.00861112]
[-79.05293468]
[-79.17257651]
[-78.84295356]
[-78.89452717]
[-79.21080132]
[-79.30886832]
[-79.26917645]
[-79.34324784]
[-79.28533373]
[-79.27951508]
[-79.16693091]
[-79.24431915]
[-79.00603568]
[-79.25351205]
[-79.1042612]
[-79.19909023]
[-79.08106216]
[-79.25027454]
[-78.95578695]
[-78.98865433]
[-78.79870668]
[-78.74985312]
[-78.59845919]
[-78.2905805]
[-78.61364698]
[-78.87895274]
[-79.08826007]
[-78.98973465]
[-78.85332079]
[-78.94962781]
[-78.93423626]
[-78.95060065]
[-78.89265329]
[-78.67068572]
[-78.62932019]
[-78.85429636]
[-78.70707121]
[-78.65805627]
[-78.47268957]
[-78.72673619]
[-78.70517651]
[-78.97829197]
[-78.9146652]
[-78.74202693]
[-78.86104623]
[-78.79101454]
[-78.78856058]
[-78.59955148]
[-78.83772063]
[-78.67955805]
[-79.08343576]
[-78.68152966]
[-78.92658683]
[-78.8942931]
[-78.78552994]
[-78.75994902]
[-78.54502988]
[-78.7969037]
[-78.67588792]
[-78.66605674]
[-78.67931486]
[-78.8383517]
[-78.772752]
[-78.79675171]
[-78.52145543]
[-78.63392385]
[-78.62975676]
[-78.99508221]
[-78.82894778]
[-78.83144359]
[-78.52890859]
[-78.59335993]
[-78.87985173]
[-78.91472623]
[-78.98364799]
[-78.9610436]
[-78.95796359]
[-78.92124416]
[-78.85282696]
[-78.82278076]
[-78.80098311]
[-78.91320308]
[-78.82193791]
[-78.66173179]
[-78.61234488]
[-78.51607185]
[-78.67567645]
[-78.62001083]
[-78.25898755]
[-78.48070938]
[-78.58101545]
[-78.8365119]
[-79.03458436]
[-79.16247681]
[-79.17089167]
[-79.21425119]
[-79.07698946]
[-79.06213298]
