[-81.45098026]
[-81.51294847]
[-81.53340124]
[-81.66474486]
[-81.5984315]
[-81.351262]
[-81.25048758]
[-81.03867841]
[-81.03004724]
[-81.23870574]
[-81.39321451]
[-81.48520075]
[-81.48290686]
[-81.36864936]
[-81.19371684]
[-81.31085215]
[-81.52887049]
[-81.51492847]
[-81.31260354]
[-81.24322946]
[-81.41009075]
[-81.60355358]
[-81.4220344]
[-81.36899642]
[-81.38133952]
[-81.36002731]
[-81.51061894]
[-81.46219356]
[-81.14713018]
[-80.88637524]
[-80.93649953]
[-81.03232031]
[-81.06691062]
[-81.01579862]
[-81.16626087]
[-81.02033757]
[-81.22137364]
[-81.18016842]
[-81.32362087]
[-81.40221451]
[-81.15507313]
[-81.38485502]
[-81.28310388]
[-81.04738615]
[-80.58493253]
[-80.47084003]
[-80.34008368]
[-80.89747765]
[-81.16953152]
[-81.14209304]
[-81.10146436]
[-81.15030692]
[-81.16773842]
[-81.23814337]
[-81.37362791]
[-81.02110153]
[-81.17801121]
[-81.2882447]
[-81.4520504]
[-81.47403739]
[-81.55480017]
[-81.467011]
[-81.73150897]
[-81.80381606]
[-81.41130261]
[-81.50375409]
[-81.56215438]
[-81.57292772]
[-81.53582806]
[-81.47145438]
[-81.1714776]
[-81.01419297]
[-80.96010767]
[-81.02469407]
[-80.88364712]
[-80.88306485]
[-80.79114844]
[-80.60682836]
[-80.7317097]
[-80.84203704]
[-80.90357981]
[-80.94555311]
[-80.96026534]
[-80.5669652]
[-80.78943687]
[-80.92620586]
[-81.06563312]
[-80.94086448]
[-80.82519746]
[-80.68947458]
[-80.67222555]
[-80.64375585]
[-80.51821027]
[-80.37612195]
[-80.42757684]
[-80.44256229]
[-80.38264426]
[-80.44725464]
[-80.4345768]
[-80.60023462]
[-80.45743648]
[-80.63327228]
[-80.83533055]
[-80.65400971]
[-80.63139878]
[-80.9090574]
[-80.74616171]
[-80.71178842]
[-80.72025902]
[-80.8024131]
[-80.85855417]
[-80.79888262]
[-80.61534134]
[-80.71604257]
[-80.62011845]
[-80.78470122]
[-80.70857331]
[-80.60663142]
[-80.66519058]
[-80.82114966]
[-80.70891204]
[-80.64623244]
[-80.74747286]
[-80.70445853]
[-80.72380573]
[-80.8211764]
[-80.61427811]
[-80.50264478]
[-80.78663855]
[-80.65747078]
[-80.6591323]
[-80.70944173]
[-80.82972954]
[-80.93093502]
[-80.8920138]
[-80.90075544]
[-80.72150387]
[-80.73055023]
[-80.8182435]
[-80.73011372]
[-80.63497019]
[-80.69390439]
[-80.54105193]
[-80.52549206]
[-80.50131791]
[-80.71164765]
[-80.6455916]
[-80.66788342]
[-80.81428046]
[-80.54962651]
[-80.637498]
[-80.4413214]
[-80.52326338]
[-80.69886845]
[-80.70987283]
[-80.68172026]
[-80.93885962]
[-80.76233027]
[-80.77978921]
[-80.7541402]
[-80.6091546]
[-80.73538648]
[-80.61252327]
[-80.55395214]
[-80.57163219]
[-80.57952122]
[-80.57371839]
[-80.58202817]
[-80.74303343]
[-80.75657339]
[-80.67851303]
[-80.70648606]
[-80.71393491]
[-80.79627473]
[-80.73547627]
[-80.9428192]
[-80.90200348]
[-81.12720699]
[-80.91173356]
[-80.88933081]
[-80.85622681]
[-80.78236939]
[-80.69073954]
[-80.54872678]
[-80.70752258]
[-80.52526896]
[-80.52154988]
[-80.56254573]
[-80.61786437]
[-80.78039744]
[-81.20589533]
[-81.05242687]
[-81.03965128]
[-80.94526139]
[-81.04765599]
[-81.10033688]
[-81.10771645]
[-80.85786742]
[-81.05117591]
[-80.85341364]
[-80.78568162]
[-80.76992896]
[-80.54853966]
[-80.44036018]
[-80.31079959]
[-80.5812728]
[-80.6337291]
[-80.78256422]
[-80.6773658]
[-80.79459582]
[-80.67087158]
[-80.23505702]
[-80.76576998]
[-81.01190811]
[-80.83200633]
[-80.98515741]
[-81.11574648]
[-81.21274383]
[-80.94439977]
[-80.79350615]
[-80.77099286]
[-80.75079132]
[-80.65065663]
[-80.68973321]
[-80.8511325]
[-80.99044989]
[-81.01944195]
[-80.88019288]
[-80.91585529]
[-80.85195687]
[-80.71442984]
[-80.69007831]
[-80.65156204]
[-80.74566465]
[-80.91477452]
[-81.18626368]
[-81.00304437]
[-80.79576727]
[-80.67518662]
[-81.06665281]
[-81.05017856]
[-81.18363803]
[-81.07535284]
[-81.19897093]
[-81.04321478]
[-81.02339094]
[-80.8347138]
[-80.80537479]
[-81.03929223]
[-80.83109747]
[-80.92029544]
[-81.11379366]
[-81.21077415]
[-80.91238869]
[-80.6360749]
[-80.83418281]
[-81.02466389]
[-81.02628675]
[-80.83942144]
[-80.95739683]
[-80.87284141]
[-81.2102103]
[-81.13272584]
[-81.13950293]
[-80.95518036]
[-81.12359744]
[-81.0194252]
[-80.92849348]
[-80.95443949]
[-80.8148188]
[-81.0798173]
[-80.97091201]
[-81.00457499]
[-80.83600811]
[-80.948557]
[-81.18169552]
[-80.98430972]
[-80.85005021]
[-80.90099273]
[-80.91332258]
[-81.11017473]
[-81.17984658]
[-81.23822847]
[-81.18830719]
[-81.25814845]
[-81.15773774]
[-80.68147765]
[-80.52545646]
[-80.44770745]
[-80.94840473]
[-80.88698721]
[-80.77220199]
[-80.76205928]
[-81.24630084]
[-81.02611443]
[-80.86563872]
[-80.52399541]
[-80.32535357]
[-80.05341293]
[-80.93906081]
[-80.6733682]
[-80.52898273]
[-80.43493566]
[-80.88766393]
[-80.99272808]
[-80.85009029]
[-80.90264579]
[-80.74076003]
[-80.71445457]
[-80.48911961]
[-80.71593735]
[-80.82878711]
[-80.60592129]
[-80.90573529]
[-80.83221816]
[-80.77073092]
[-80.88093214]
[-80.89598161]
[-81.04235895]
[-80.86822455]
[-80.85085589]
[-80.88035103]
[-80.61870338]
[-80.56195702]
[-80.5489818]
[-80.61042116]
[-80.5383875]
[-81.01093454]
[-80.73224284]
[-80.77488269]
[-80.57921325]
[-80.36338746]
[-80.73057972]
[-80.73003337]
[-80.09406194]
[-80.5275995]
[-80.59585384]
[-80.74771885]
[-81.03574287]
[-81.10832605]
[-80.73606492]
[-80.78064077]
[-81.08024933]
[-81.09404936]
[-81.12393219]
[-80.9388115]
[-81.02040194]
[-80.86861847]
[-80.68107851]
[-81.06972011]
[-80.8906009]
[-80.97701976]
[-80.87464653]
[-81.01117791]
[-81.00448043]
[-81.17047711]
[-81.23307653]
[-80.89900628]
[-81.02966743]
[-80.93665764]
[-80.83722929]
[-80.80419161]
[-81.03499599]
[-81.02942247]
[-81.11730039]
[-80.97542586]
[-80.78561723]
[-80.81410196]
[-80.69844989]
[-80.73494308]
[-80.65462722]
[-80.82663288]
[-80.54191399]
[-80.6741032]
[-80.76988791]
[-80.59234056]
[-80.68993151]
[-80.8487383]
[-80.73973628]
[-80.71961312]
[-80.83701323]
[-80.69293987]
[-80.50191225]
[-80.76284834]
[-80.57054972]
[-80.6588978]
[-80.50527445]
[-80.72681993]
[-80.71513451]
[-80.89336866]
[-81.02129766]
[-80.8978495]
[-80.86425598]
[-80.78432914]
[-80.97487375]
[-80.75111258]
[-80.78825674]
[-80.65648436]
[-80.75677747]
[-80.82899874]
[-80.59119715]
[-80.70894308]
[-80.55535218]
[-80.58340488]
[-80.48047537]
[-80.73443457]
[-80.79925221]
[-81.14406595]
[-81.25609147]
[-81.16905771]
[-81.11059896]
[-80.84452073]
[-80.77400756]
[-80.96493775]
[-80.93255933]
[-80.75219446]
[-80.92673813]
[-80.7582373]
[-80.64777933]
[-80.84530521]
[-80.59234399]
[-80.4607143]
[-80.4103489]
[-80.40271018]
[-80.5570797]
[-80.33560547]
[-80.48461692]
[-80.18591508]
[-80.31053576]
[-80.25788541]
[-80.12449906]
[-80.13935041]
[-80.17592584]
[-80.05300237]
[-80.1351779]
[-80.26180703]
[-80.1887763]
[-80.29948863]
[-80.26349199]
[-80.30629769]
[-80.68790292]
[-80.67492929]
[-80.57561121]
[-80.52046979]
[-80.52971933]
[-80.4656625]
[-80.45248369]
[-80.51155889]
[-80.69229917]
[-80.68364526]
[-80.54353407]
[-80.788666]
[-80.81697198]
[-80.95283415]
[-80.8435533]
[-80.57822205]
[-80.47774541]
[-80.21134434]
[-80.68447785]
[-80.74912087]
[-80.81639817]
[-80.7013944]
[-80.49843936]
[-80.59911441]
[-80.52100199]
[-80.72597812]
[-80.70402391]
[-80.34303084]
[-80.46769281]
[-80.43022284]
[-80.51769154]
[-80.28551735]
[-80.45429976]
[-80.2326237]
[-80.31138688]
[-80.51274009]
[-80.65302953]
[-81.10998186]
[-81.49990504]
[-81.24162759]
[-80.8774696]
[-80.79088904]
[-81.06868038]
[-81.0342665]
[-81.05559392]
[-81.29897581]
[-81.28039041]
[-81.40690262]
[-80.96656972]
[-80.89675185]
[-80.9024999]
[-80.87870707]
[-80.91471213]
[-80.94749566]
[-80.78354337]
[-81.27577261]
[-81.33315653]
[-81.43253876]
[-81.34707539]
[-81.34823541]
[-81.42330046]
[-81.49936626]
[-81.30483646]
[-81.21980767]
[-80.98285856]
[-80.88388823]
[-80.75194553]
[-81.10078758]
[-81.09746547]
[-81.02480874]
[-81.02874683]
[-80.87883666]
[-80.80974173]
[-80.96847206]
[-80.96309992]
[-81.07538675]
[-81.2888249]
[-80.97317385]
[-81.09503056]
[-81.28031435]
[-81.4927113]
[-81.31818907]
[-81.21791799]
[-81.29798153]
[-81.16375403]
[-81.01436844]
[-80.99944918]
[-81.16827568]
[-80.97244684]
[-81.02174513]
[-80.79492994]
[-81.05465996]
[-81.19445757]
[-81.1420812]
[-81.11319651]
[-81.1375696]
[-81.08206147]
[-81.09756128]
[-81.26411847]
[-81.46303044]
[-81.43151036]
[-81.42610808]
[-81.616982]
[-81.47664623]
[-81.3522595]
[-81.2591875]
[-81.33742752]
[-81.30304105]
[-81.38688952]
[-81.41818195]
[-81.38308657]
[-81.30902774]
[-81.10769998]
[-81.3425387]
[-81.20050313]
[-81.27240806]
[-81.25425226]
[-81.21858374]
[-81.12116047]
[-81.0371429]
[-81.21457839]
[-81.22544792]
[-81.53769717]
[-81.65013809]
[-81.6166593]
[-81.55442084]
[-81.50152163]
[-81.55399211]
[-81.34689101]
[-81.45852284]
[-81.48237951]
[-81.47415049]
[-81.39960384]
[-81.2102816]
[-81.38069021]
[-81.38438727]
[-81.57652267]
[-81.46810639]
[-81.28469568]
[-81.23255663]
[-81.46810781]
[-81.56863721]
[-81.51865713]
[-81.54334175]
[-81.38152903]
[-81.58517128]
[-81.29006868]
[-81.36368622]
[-81.53914375]
[-81.23353963]
[-81.31569669]
[-81.31288233]
[-81.24819878]
[-81.23335072]
[-81.07324384]
[-81.00007365]
[-81.04378743]
[-81.056441]
[-81.09573062]
[-81.40601716]
[-81.1904407]
[-81.17938037]
[-80.87800559]
[-80.79117434]
[-80.75371461]
[-80.67673874]
[-80.77401459]
[-80.83361285]
[-80.59548467]
[-80.80954391]
[-80.85571331]
[-81.06463483]
[-80.91646219]
[-80.77468874]
[-80.94164878]
[-80.77559178]
[-80.74630091]
[-80.97100362]
[-80.64643274]
[-80.74426282]
[-80.92593997]
[-80.70836198]
[-80.66290166]
[-80.521036]
[-80.77764945]
[-80.94064035]
[-80.74198516]
[-80.92993962]
[-81.0605741]
[-80.97102396]
[-81.07802117]
[-81.0498094]
[-80.92620963]
[-80.79339203]
[-80.8717127]
[-80.58374237]
[-80.86232474]
[-80.96855081]
[-80.69180728]
[-80.61021029]
[-80.51000883]
[-80.82004119]
[-81.01223413]
[-81.05456032]
[-81.10063654]
[-81.30312549]
[-81.21139666]
[-81.18260764]
[-80.77847446]
[-80.5793517]
[-80.48025888]
[-80.35908164]
[-80.37840202]
[-80.53733173]
[-80.73403242]
[-80.46156177]
[-80.64923961]
[-80.71617969]
[-80.62805836]
[-80.53274185]
[-80.60604415]
[-80.37643132]
[-80.49504784]
[-80.45456235]
[-80.57966558]
[-80.63728832]
[-80.73519513]
[-80.82596594]
[-80.5416921]
[-80.63586575]
[-80.47945331]
[-80.39842068]
[-80.51087797]
[-80.45738704]
[-80.40361871]
[-80.51801842]
[-80.42187711]
[-80.48220314]
[-80.46569069]
[-80.35278895]
[-80.59419283]
[-80.41475987]
[-80.59468525]
[-80.57944436]
[-80.61992004]
[-80.63424778]
[-80.46807878]
[-80.34299242]
[-80.40755025]
[-80.42941021]
[-80.58158261]
[-80.66792399]
[-80.76607909]
[-80.44224278]
[-80.41166787]
[-80.56287498]
[-80.83634872]
[-81.30074787]
[-81.19209406]
[-80.72046824]
[-80.60303508]
[-80.50382233]
[-80.3258154]
[-80.46782022]
[-80.49885998]
[-80.39720417]
[-80.26652902]
[-80.24616167]
[-80.18302644]
[-80.20994745]
[-80.30738514]
[-80.3246994]
[-80.58291218]
[-80.69914085]
[-80.69244358]
[-80.79176898]
[-80.60868146]
[-80.69138223]
[-80.93658333]
[-80.90794706]
[-80.91235197]
[-80.96040439]
[-81.09774486]
[-81.41389644]
[-81.1748956]
[-81.02688768]
[-80.89705119]
[-80.70385519]
[-80.54640035]
[-80.62588609]
[-80.2698038]
[-80.31070331]
[-80.06921034]
[-79.97264669]
[-80.31938074]
[-80.24323261]
[-80.37578812]
[-80.43873614]
[-80.47584991]
[-80.35210758]
[-80.39516923]
[-80.36379212]
[-80.36082642]
[-80.48298217]
[-80.42677498]
[-80.47443467]
[-80.41382317]
[-80.37253905]
[-80.50298138]
[-80.32045907]
[-80.39162273]
[-80.33006852]
[-80.18808396]
[-80.517096]
[-80.38794916]
[-80.64661378]
[-80.74552844]
[-80.74414861]
[-80.269118]
[-80.42390589]
[-80.50391151]
[-80.32591656]
[-80.32666197]
[-80.26760029]
[-80.34337454]
[-80.27260293]
[-80.42737024]
[-80.44435975]
[-80.37749535]
[-80.56202483]
[-80.35015166]
[-80.47605812]
[-80.62122726]
[-80.49217287]
[-80.40690716]
[-80.61949585]
[-80.56988748]
[-80.5698509]
[-80.64748912]
[-80.4431212]
[-80.61571014]
[-80.64697149]
[-80.55857244]
[-80.64105653]
[-80.5969751]
[-80.51801894]
[-80.38595044]
[-80.47979772]
[-80.54207255]
[-80.72573297]
[-80.43193567]
[-80.64951701]
[-80.61306661]
[-80.48844708]
[-80.55885884]
[-80.51305384]
[-80.66404599]
[-80.62209717]
[-80.70608995]
[-80.67501001]
[-80.64809821]
[-80.81398675]
[-80.78127767]
[-80.87364254]
[-80.83984764]
[-80.58960381]
[-80.65809221]
[-80.53190766]
[-80.42781398]
[-80.29578306]
[-80.31564834]
[-80.33889741]
[-80.49558729]
[-80.47912955]
[-80.5977122]
[-80.61158385]
[-80.5495522]
[-80.49215806]
[-80.48949799]
[-80.59056054]
[-80.65749884]
[-80.6072967]
[-80.87149606]
[-80.69392322]
[-80.64136073]
[-80.63252228]
[-80.54162151]
[-80.67236215]
[-80.840243]
[-80.76438578]
[-80.6755979]
[-80.95356772]
[-81.12912905]
[-80.80190417]
[-80.76187605]
[-80.77096982]
[-80.62908601]
[-80.53166008]
[-80.40260814]
[-80.0955959]
[-80.18460912]
[-80.31821421]
[-80.13814511]
[-80.26291097]
[-79.99380125]
[-80.31923968]
[-80.27614573]
[-80.39429072]
[-80.36892336]
[-80.54221126]
[-81.2636999]
[-81.54821007]
[-81.46846469]
[-81.14304025]
[-80.92460353]
[-80.96252185]
[-80.8063722]
[-80.74131597]
[-80.8446815]
[-80.51253161]
[-80.49997511]
[-80.52364659]
[-80.06911874]
[-80.42854281]
[-80.40419941]
[-80.61104067]
[-80.66192553]
[-80.78639056]
[-80.95643354]
[-80.52739867]
[-80.57562329]
[-80.3477378]
[-80.65586074]
[-80.62098267]
[-80.71617343]
[-80.82384644]
[-80.74670133]
[-80.76577524]
[-80.66783914]
[-80.70720835]
[-80.75287342]
[-80.78475454]
[-80.73469498]
[-80.55338487]
[-81.0500167]
[-81.18548695]
[-81.14711212]
[-81.23759936]
[-81.07014914]
[-80.91764326]
[-80.45950074]
[-80.7124824]
[-80.80312434]
[-80.5430876]
[-80.37789745]
[-80.3582293]
[-80.22452071]
[-80.20869113]
[-80.24109601]
[-80.13171637]
[-80.1896574]
[-80.32178704]
[-80.38847913]
[-80.21271721]
[-80.39632354]
[-80.36568194]
[-80.25652563]
[-80.30616092]
[-80.16469565]
[-80.32684099]
[-80.60706294]
[-80.95088388]
[-81.24979846]
[-80.95463473]
[-80.88526302]
[-80.834679]
[-80.81949619]
[-80.99990424]
[-81.10110987]
[-80.72698424]
[-80.64635292]
[-80.57214581]
[-80.67032974]
[-80.77509084]
[-80.79182418]
[-80.70860561]
[-80.7053927]
[-80.424552]
[-80.19691759]
[-80.33626609]
[-80.59948284]
[-80.48553222]
[-80.42128708]
[-80.22180244]
[-80.61075943]
[-80.90919361]
[-80.82128092]
[-80.82895875]
[-80.84525111]
[-80.62531633]
[-80.41618207]
[-80.45783593]
[-80.66582275]
[-80.77652551]
[-80.83515754]
[-80.95108691]
[-80.73931849]
[-80.625545]
[-80.50149702]
[-80.47834602]
[-80.34564917]
[-80.29938701]
[-80.28469214]
[-80.70993154]
[-80.50858067]
[-80.56921762]
[-80.60743903]
[-80.64242573]
[-80.31942482]
[-80.55886242]
[-80.43043049]
[-80.65184922]
[-80.60906249]
[-80.47019156]
[-80.45279833]
[-80.5238492]
[-80.47049679]
[-80.46431722]
[-80.46235266]
[-80.38309609]
[-80.32447977]
[-80.26644294]
[-80.46376696]
[-80.39998381]
[-80.4537648]
[-80.52077247]
[-80.53337834]
[-80.38365565]
[-80.45021994]
[-80.38297752]
[-80.49342691]
[-80.52516624]
[-80.59655638]
[-80.53705813]
[-80.36328803]
[-80.62460627]
[-80.56317274]
[-80.55054803]
[-80.55753782]
[-80.34583909]
[-80.4946634]
[-80.54306932]
[-80.62180441]
[-80.63843366]
[-80.67627168]
[-80.65994001]
[-80.77570112]
[-80.60553483]
[-80.82876586]
[-80.76403929]
[-80.66142971]
[-80.59128045]
[-80.30392772]
[-80.48395698]
[-80.61635588]
[-80.60511521]
[-80.65370451]
[-80.90489253]
[-80.68845695]
[-80.55669116]
[-80.56684571]
[-80.50858442]
[-80.57547018]
[-80.86692587]
[-80.93117312]
[-80.94220102]
[-80.57582331]
[-80.6224276]
[-80.52316304]
[-80.57114531]
[-80.47968713]
[-80.24044733]
[-80.42824355]
[-80.23058947]
[-80.33632386]
[-80.52793087]
[-80.3942673]
[-80.37226567]
[-80.52028201]
[-80.61916748]
[-80.72444835]
[-80.85870266]
[-80.74283803]
[-80.82212771]
[-80.64725997]
[-80.52577068]
[-80.47891738]
[-80.34406312]
[-80.67400151]
[-80.6136255]
[-80.61781167]
[-80.58394798]
[-80.47936498]
[-80.68567693]
[-80.52751982]
[-80.41129884]
[-80.44006406]
[-80.46109214]
[-80.60591417]
[-80.61099802]
[-80.4828327]
[-80.68171438]
[-80.85182286]
[-80.47298925]
[-80.60883216]
[-80.51532428]
[-80.50326684]
[-80.35277119]
[-80.51389181]
[-80.53013417]
[-80.50115725]
[-80.58687128]
[-80.57011556]
[-80.60075143]
[-80.33455514]
[-80.60027212]
[-80.42088591]
[-80.35367597]
[-80.47095688]
[-80.54183099]
[-80.37959341]
[-80.39750586]
[-80.41976913]
[-80.29219128]
[-80.40894744]
[-80.40025278]
[-80.61643205]
[-80.616366]
[-80.71473489]
[-80.44149655]
[-80.54328512]
[-80.29694318]
[-80.44965122]
[-80.54618209]
[-80.6518807]
[-80.45946487]
[-80.59440956]
[-80.56888632]
[-80.3897861]
[-80.76805488]
[-80.7864251]
[-80.65354207]
[-80.56888989]
[-80.67004706]
[-80.28452738]
[-80.3610888]
[-80.50345281]
[-80.64245757]
[-80.76162858]
[-80.62828514]
[-80.61137475]
[-80.59612261]
[-80.57808921]
[-80.98192224]
[-80.88458324]
[-80.78283872]
[-80.89028275]
[-80.70556153]
[-80.64596484]
[-80.69753217]
[-80.79632373]
[-80.85637272]
[-80.73832647]
[-80.65199659]
[-80.54745398]
[-80.57467157]
[-80.65750786]
[-80.88748461]
[-80.58132681]
[-80.90845688]
[-80.58278092]
[-80.53362775]
[-80.52860667]
[-80.55941133]
[-80.68698305]
[-80.86457925]
[-81.02854955]
[-80.65402664]
[-80.78708842]
[-80.79247213]
[-80.7108394]
[-80.79814348]
[-80.5434937]
[-80.82564163]
[-80.73307047]
[-80.84834123]
[-80.89074747]
[-80.81603856]
[-80.79626058]
[-80.67501999]
[-80.55854666]
[-80.56131719]
[-80.65892015]
[-80.5971974]
[-80.6187308]
[-80.538527]
[-80.93260911]
[-80.74951884]
[-80.70439996]
[-80.48868411]
[-80.58717151]
[-80.67298543]
[-80.85299618]
[-80.44776131]
[-80.639696]
[-80.97662991]
[-80.7945516]
[-80.68509502]
[-80.42364159]
[-80.58352007]
[-80.46405707]
[-80.62214751]
[-80.46203127]
[-80.46692276]
[-80.39510404]
[-80.60850302]
[-80.56731153]
[-80.64728384]
[-80.48386258]
[-80.47312599]
[-80.57772191]
[-80.44253181]
[-80.41667595]
[-80.83566377]
[-80.65556205]
[-80.6421907]
[-80.61856203]
[-80.59534107]
[-80.84102514]
[-80.66506449]
[-80.55604213]
[-80.70547294]
[-80.72504361]
[-80.67800362]
[-80.6946789]
[-80.6452608]
[-80.71606368]
[-80.74578686]
[-80.79497572]
[-80.70582587]
[-80.59602941]
[-80.63974942]
[-80.66383166]
[-80.57400404]
[-80.58129261]
[-80.3764594]
[-80.5153448]
[-80.78146182]
[-81.12406497]
[-80.84051884]
