[-79.24054911]
[-79.18743957]
[-79.14738649]
[-79.22562594]
[-78.89370317]
[-78.9757041]
[-79.04932806]
[-79.07295622]
[-79.03711118]
[-79.00801429]
[-78.95822794]
[-78.94320579]
[-78.96127336]
[-79.03689278]
[-79.268658]
[-79.26004093]
[-79.28017517]
[-78.9526059]
[-79.24329153]
[-79.35152002]
[-79.57021656]
[-79.25643115]
[-79.2675152]
[-79.42923082]
[-79.40648981]
[-79.2985824]
[-79.19293145]
[-79.27640399]
[-79.24428784]
[-79.42697329]
[-79.15174364]
[-79.07125771]
[-78.81174922]
[-79.17921289]
[-79.15472977]
[-79.08458163]
[-79.28877958]
[-79.21206682]
[-79.22870028]
[-79.22012912]
[-79.10982586]
[-79.06332041]
[-79.08229222]
[-79.20502896]
[-79.009017]
[-79.122951]
[-79.18316766]
[-78.97360903]
[-79.08268517]
[-79.12441789]
[-79.22349026]
[-79.17955868]
[-79.08721718]
[-79.07562557]
[-79.36057474]
[-79.08782763]
[-79.00261833]
[-78.86020587]
[-79.11412418]
[-78.80111604]
[-79.01314368]
[-79.21750574]
[-79.18242811]
[-79.27488846]
[-79.18117943]
[-79.13430047]
[-79.25567938]
[-79.11596517]
[-79.1053558]
[-79.11275708]
[-79.01421755]
[-79.11790278]
[-79.04283795]
[-78.9852285]
[-79.00886137]
[-79.04434091]
[-79.3273225]
[-78.99493091]
[-79.22666918]
[-79.13253876]
[-79.07404923]
[-79.21358162]
[-79.44441421]
[-79.36159201]
[-79.11166514]
[-78.97949997]
[-79.10209148]
[-79.16716017]
[-79.25090824]
[-79.20193001]
[-79.29093032]
[-79.01693174]
[-78.90568868]
[-78.94166384]
[-79.14477623]
[-79.34800556]
[-79.20045399]
[-79.31723602]
[-79.09750348]
[-79.08471454]
[-79.25267601]
[-79.19647228]
[-79.25251767]
[-79.38298889]
[-79.25134384]
[-79.15891066]
[-79.04020703]
[-79.11727237]
[-79.11511698]
[-79.06189056]
[-79.31585645]
[-79.17951796]
[-79.21797513]
[-79.10305112]
[-79.23167575]
[-79.17612915]
[-79.06864455]
[-78.93093128]
[-79.08614611]
[-79.14829127]
[-79.25164752]
[-79.08835352]
[-79.1215007]
[-79.16331961]
[-79.17685798]
[-78.87948649]
[-79.09520079]
[-79.05549141]
[-79.02903901]
[-79.1511702]
[-79.03860594]
[-79.45114979]
[-79.23641972]
[-79.14568953]
[-79.05028474]
[-79.18942383]
[-78.96856541]
[-79.03943926]
[-78.99030276]
[-79.25036863]
[-79.01453381]
[-79.12676095]
[-78.64484419]
[-79.07184824]
[-79.1646928]
[-79.10771148]
[-78.96805893]
[-79.3791309]
[-79.35352321]
[-79.09374752]
[-79.18332182]
[-79.09071396]
[-79.01327911]
[-79.24847904]
[-79.27406663]
[-78.99098145]
[-79.21610622]
[-79.27344686]
[-78.94607497]
[-79.03666629]
[-79.00486077]
[-79.00655445]
[-78.89575572]
[-79.08126597]
[-79.04483262]
[-79.16210223]
[-79.05970587]
[-79.12105907]
[-79.00838021]
[-79.30673038]
[-79.12058384]
[-79.31606705]
[-79.30789755]
[-79.3955014]
[-79.251656]
[-79.29796181]
[-79.19495692]
[-79.1831972]
[-79.21407572]
[-78.97734019]
[-79.10621753]
[-78.96417618]
[-78.7867237]
[-79.08150273]
[-79.16358137]
[-79.12034092]
[-78.97611177]
[-79.08498516]
[-79.14562611]
[-79.15654035]
[-78.98475463]
[-79.05519539]
[-79.01248464]
[-79.2097224]
[-79.19559371]
[-79.13686879]
[-79.3676657]
[-79.19431572]
[-79.31082325]
[-79.21267369]
[-79.35638653]
[-79.31579196]
[-79.31555769]
[-79.06105188]
[-79.08799521]
[-78.95859358]
[-79.02726258]
[-79.00566652]
[-79.1466088]
[-79.2550899]
[-79.39573366]
[-79.24544756]
[-79.21453113]
[-78.94390664]
[-79.20956423]
[-79.01577392]
[-79.10714186]
[-79.20990975]
[-78.74732382]
[-79.13375167]
[-79.17047322]
[-79.03063358]
[-78.82503861]
[-79.24955822]
[-79.19092342]
[-79.34777252]
[-79.24205463]
[-79.1349618]
[-79.09701461]
[-79.17172975]
[-78.69977023]
[-78.70098733]
[-78.94515362]
[-79.06236989]
[-79.18121341]
[-79.30383648]
[-79.13412446]
[-79.14605752]
[-79.28388257]
[-79.36648539]
[-79.29464761]
[-79.52624947]
[-79.28101903]
[-79.23250084]
[-79.12344072]
[-79.26957532]
[-79.25465008]
[-79.24133691]
[-79.13314699]
[-79.2069327]
[-78.89774254]
[-79.29002385]
[-79.26546985]
[-79.32760527]
[-79.46170483]
[-79.18503703]
[-79.19345429]
[-78.74971763]
[-78.8229228]
[-79.22594135]
[-79.07092478]
[-79.14378191]
[-79.1443271]
[-79.25881993]
[-79.10581917]
[-79.15656154]
[-79.24090132]
[-79.38766177]
[-79.29764034]
[-79.24195301]
[-79.42049129]
[-79.42882705]
[-79.17534367]
[-79.25674378]
[-79.15780419]
[-79.49378694]
[-78.83529585]
[-79.34866298]
[-79.01363962]
[-79.07819597]
[-79.03848036]
[-79.02162631]
[-79.19936812]
[-79.12275629]
[-79.15970049]
[-79.14665099]
[-79.05631269]
[-79.06019037]
[-79.22917705]
[-79.29314774]
[-79.20009039]
[-79.15656947]
[-79.04738575]
[-78.93816018]
[-79.14826469]
[-79.06237729]
[-79.11842874]
[-78.87970016]
[-79.01553462]
[-78.98310701]
[-79.13546336]
[-79.05632923]
[-79.18882754]
[-79.17626274]
[-79.19249646]
[-79.21512637]
[-78.98591481]
[-79.24400978]
[-79.30267474]
[-79.16833182]
[-78.70395362]
[-79.23810771]
[-78.92443041]
[-79.25482041]
[-79.06059037]
[-79.0895458]
[-79.05172492]
[-78.94376121]
[-79.18658307]
[-78.85992634]
[-79.05031397]
[-78.76863975]
[-79.17070692]
[-79.17717039]
[-79.16190635]
[-78.73867926]
[-79.0653967]
[-79.00102759]
[-79.15460898]
[-79.21382428]
[-79.19919822]
[-79.21865723]
[-79.15052269]
[-79.23327909]
[-79.11407799]
[-79.19311152]
[-79.10250397]
[-78.92485839]
[-79.15906143]
[-79.22398829]
[-79.0799894]
[-79.0826016]
[-79.15735347]
[-79.10628145]
[-78.97394889]
[-79.15394248]
[-79.19179409]
[-79.25073742]
[-79.22040312]
[-78.9867237]
[-78.96440468]
[-79.28756451]
[-79.1305351]
[-79.00354857]
[-79.12859215]
[-79.30282948]
[-79.20635007]
[-79.12554348]
[-79.19147734]
[-79.06903641]
[-79.0522433]
[-79.1295884]
[-79.04345109]
[-79.22807285]
[-79.17247641]
[-79.31077106]
[-79.17998252]
[-79.15266788]
[-79.03034462]
[-78.90406955]
[-78.92760312]
[-79.06283111]
[-79.12246748]
[-78.90419397]
[-78.94638654]
[-79.0848772]
[-79.20089537]
[-79.1752725]
[-79.13707398]
[-78.8944047]
[-79.29686424]
[-79.32790019]
[-79.37948085]
[-79.53324842]
[-79.17080237]
[-79.26649189]
[-79.49712103]
[-79.29089028]
[-78.96578612]
[-79.17403094]
[-79.14106349]
[-79.09219348]
[-78.79541509]
[-78.55047717]
[-78.7024263]
[-79.12189923]
[-79.17338944]
[-79.19877108]
[-78.90781026]
[-79.18386942]
[-79.18640464]
[-79.57295872]
[-79.19137914]
[-79.34401261]
[-79.25159715]
[-79.0750255]
[-79.33221725]
[-79.47156676]
[-79.16494072]
[-79.34777073]
[-79.03540885]
[-78.88938345]
[-79.15718358]
[-78.90149197]
[-79.00594255]
[-79.12998979]
[-79.06185556]
[-79.32255612]
[-79.12142226]
[-79.0488647]
[-79.1445241]
[-79.25939757]
[-79.53235305]
[-79.11321041]
[-79.28530001]
[-79.164805]
[-79.10752744]
[-79.16640775]
[-78.98408622]
[-79.09062412]
[-79.07222266]
[-78.95883106]
[-79.09478324]
[-78.86824136]
[-78.49560376]
[-79.13317821]
[-79.01558451]
[-79.11390143]
[-79.15252161]
[-79.06670299]
[-79.14310501]
[-79.04288117]
[-78.85207088]
[-78.93943921]
[-79.00389224]
[-79.19871131]
[-78.39860936]
[-78.76216993]
[-78.98117645]
[-79.0034007]
[-78.89015826]
[-78.75607292]
[-79.0447512]
[-79.20103704]
[-79.1070506]
[-78.99471474]
[-79.01785012]
[-79.12373617]
[-79.08363198]
[-79.18737102]
[-79.23961297]
[-79.22986075]
[-79.07243034]
[-79.05367528]
[-79.22695731]
[-79.15950401]
[-79.04486725]
[-78.87076132]
[-79.04400505]
[-78.89730804]
[-78.88289766]
[-79.10303101]
[-79.13645178]
[-79.11081473]
[-79.01511231]
[-78.93995955]
[-78.92111371]
[-79.24834722]
[-79.16855342]
[-79.01135188]
[-78.9913834]
[-79.09854443]
[-79.24754812]
[-79.16348658]
[-78.98409556]
[-79.30818334]
[-79.14258249]
[-79.20119475]
[-79.14332864]
[-79.28178701]
[-79.02044461]
[-79.14875602]
[-79.13470214]
[-79.21190407]
[-79.22136616]
[-79.14672234]
[-79.06143673]
[-79.05157177]
[-79.12157227]
[-79.11201895]
[-79.20991756]
[-79.05395847]
[-79.0011551]
[-79.08143204]
[-79.11539101]
[-79.1522902]
[-78.95837102]
[-78.82719205]
[-79.04624378]
[-78.92003171]
[-78.68252865]
[-78.90126253]
[-79.06248909]
[-79.04593126]
[-79.12409544]
[-79.21121625]
[-79.16092638]
[-79.12977678]
[-79.13805896]
[-79.18804167]
[-79.18044401]
[-79.31380953]
[-79.30873676]
[-79.36448104]
[-79.34902621]
[-79.29982792]
[-79.1745049]
[-79.06104467]
[-79.12722272]
[-79.09454104]
[-79.24815776]
[-79.12124762]
[-79.0668422]
[-79.01873455]
[-79.23566503]
[-79.12994979]
[-79.19210295]
[-78.98418172]
[-79.31089946]
[-79.21940983]
[-79.25039103]
[-79.2626955]
[-79.1692531]
[-79.38834687]
[-79.24340034]
[-79.04153324]
[-79.24109829]
[-79.16686566]
[-78.86713572]
[-79.15544696]
[-79.14719714]
[-78.81289079]
[-79.21530053]
[-79.0786923]
[-79.00228048]
[-78.92558455]
[-78.87494044]
[-79.12031418]
[-79.00414556]
[-79.14729933]
[-79.27641098]
[-79.37858831]
[-79.14022915]
[-79.17789972]
[-79.30694099]
[-79.25780576]
[-79.22688737]
[-79.18507932]
[-78.58882425]
[-78.96908904]
[-79.13157622]
[-79.14186426]
[-79.23687674]
[-79.45524973]
[-79.40142983]
[-79.36936504]
[-79.23379351]
[-79.09981661]
[-79.41064234]
[-78.98303857]
[-79.21114199]
[-79.08021581]
[-79.18813472]
[-79.31993207]
[-79.05594438]
[-79.00096161]
[-79.09999336]
[-79.19126468]
[-79.27019472]
[-79.27982188]
[-79.25778016]
[-79.05684785]
[-79.19083468]
[-78.97346215]
[-78.92454318]
[-79.03959584]
[-79.21581925]
[-79.11005672]
[-79.41044523]
[-79.25280436]
[-79.13924283]
[-79.26791195]
[-79.41643901]
[-79.30045596]
[-79.17486126]
[-79.30901862]
[-79.16107249]
[-78.83385181]
[-79.11713529]
[-79.08713196]
[-78.89678788]
[-79.27815397]
[-79.09482786]
[-79.23471002]
[-78.90965491]
[-79.08111569]
[-79.04435397]
[-79.25786704]
[-79.15082071]
[-79.32847263]
[-79.23205576]
[-79.32093503]
[-78.98430361]
[-79.11565328]
[-79.02065706]
[-79.23483137]
[-79.06148787]
[-79.09500755]
[-79.1333831]
[-79.32988522]
[-79.1283641]
[-79.09044792]
[-79.17994421]
[-79.0630512]
[-79.16990946]
[-78.70643991]
[-78.78852835]
[-78.99802844]
[-79.14567676]
[-79.0403907]
[-79.11018547]
[-79.01503145]
[-78.90781317]
[-78.85414854]
[-79.10998128]
[-79.15619812]
[-79.10746576]
[-79.15726377]
[-79.17497991]
[-79.08144717]
[-78.90059823]
[-79.24587633]
[-79.3591934]
[-79.2637272]
[-79.29768313]
[-79.28008268]
[-79.11647897]
[-79.26244991]
[-79.05601784]
[-79.02151096]
[-78.93814359]
[-78.93248651]
[-78.86384999]
[-78.92917938]
[-79.14125719]
[-78.92876395]
[-79.15115427]
[-79.22418327]
[-79.28963321]
[-79.15751858]
[-79.22904581]
[-79.2255141]
[-79.09894871]
[-79.02853901]
[-78.95851903]
[-78.9999655]
[-79.00602348]
[-79.05918544]
[-79.20225705]
[-78.98788279]
[-78.97194076]
[-79.22961458]
[-79.18578674]
[-79.1492177]
[-78.99556683]
[-79.19591891]
[-79.01021053]
[-79.08233048]
[-79.0338532]
[-79.23296679]
[-79.17482197]
[-79.22860596]
[-79.03736323]
[-78.98158295]
[-79.18171124]
[-79.30597392]
[-78.93129938]
[-79.2258575]
[-79.13764463]
[-79.20739789]
[-79.12077032]
[-79.25689319]
[-79.05230336]
[-78.98602934]
[-79.06164737]
[-79.13793336]
[-79.31700804]
[-79.41592925]
[-79.33649155]
[-79.37259541]
[-79.13863447]
[-79.17814973]
[-79.06369404]
[-79.23640529]
[-79.14657327]
[-79.14805773]
[-79.01565221]
[-78.85567004]
[-78.94583851]
[-78.84034766]
[-78.90142132]
[-79.08955562]
[-79.31689973]
[-78.84741247]
[-79.05827426]
[-79.19831757]
[-79.16433138]
[-79.03927955]
[-78.91654603]
[-79.15084359]
[-79.20976513]
[-79.00866231]
[-78.94344412]
[-79.01230785]
[-79.16885762]
[-78.77989636]
[-79.22783459]
[-79.17220024]
[-79.35274667]
[-78.91363436]
[-79.19983666]
[-79.05906824]
[-79.02068817]
[-79.0300683]
[-79.26265807]
[-79.18644356]
[-79.13778327]
[-79.08681652]
[-79.08827086]
[-79.41180398]
[-79.08860114]
[-79.08660392]
[-79.22782517]
[-79.20930321]
[-78.93089814]
[-79.22070641]
[-79.090324]
[-79.26663202]
[-79.03433724]
[-78.7738164]
[-79.01956986]
[-78.49016924]
[-78.93981344]
[-79.10281252]
[-79.24763389]
[-79.24143936]
[-79.24925418]
[-79.21008074]
[-79.01520297]
[-78.9935283]
[-79.04647205]
[-79.10966914]
[-79.16982503]
[-78.92176001]
[-79.27798811]
[-79.26252834]
[-79.16658889]
[-79.14850959]
[-79.04837873]
[-79.10347454]
[-78.66986187]
[-79.12151195]
[-79.2026802]
[-79.18550327]
[-79.31246969]
[-79.13373079]
[-79.2469727]
[-79.11211986]
[-79.15532185]
[-78.93649519]
[-78.87159666]
[-78.87636225]
[-78.58882023]
[-79.08000857]
[-79.11430245]
[-79.12290346]
[-79.16610986]
[-78.98414153]
[-79.009696]
[-79.22296007]
[-79.25640972]
[-79.20902976]
[-79.22363401]
[-79.21449559]
[-79.05857329]
[-79.10398403]
[-79.1114569]
[-79.13851333]
[-79.11820974]
[-78.99955538]
[-79.03558187]
[-79.14731657]
[-78.94786954]
[-79.21941761]
[-79.17203396]
[-79.28991218]
[-79.10658142]
[-79.25584469]
[-79.05271738]
[-79.07652795]
[-79.18870109]
[-79.23063781]
[-79.1438488]
[-79.05535193]
[-79.18440055]
[-79.13354908]
[-79.17240293]
[-79.19944374]
[-78.99665055]
[-79.02344574]
[-78.96533148]
[-79.14518461]
[-79.26218303]
[-79.27841105]
[-79.24737235]
[-79.16215675]
[-79.09204132]
[-78.96104618]
[-78.96775161]
[-79.13452836]
[-79.07599272]
[-78.99157562]
[-79.02324725]
[-79.25875845]
[-79.24346932]
[-79.117381]
[-78.67493008]
[-78.96169541]
[-79.08495237]
[-79.21754687]
[-78.95620756]
[-79.16510257]
[-79.31233259]
[-79.09416608]
[-79.25126203]
[-78.97633886]
[-79.00063647]
[-79.22616787]
[-79.25201076]
[-79.09086964]
[-79.16530178]
[-79.25577935]
[-79.02107588]
[-79.46415351]
[-79.31261043]
[-79.26369339]
[-79.10047404]
[-79.30211725]
[-79.14328807]
[-79.02497224]
[-79.00993366]
[-79.03898972]
[-79.07956269]
[-79.12953117]
[-79.17137197]
[-79.24645689]
[-79.130437]
[-79.13191851]
[-79.0750663]
[-78.9554491]
[-79.1979426]
[-79.27226667]
[-79.41123867]
[-79.25700323]
[-78.78966052]
[-78.96274187]
[-79.28281154]
[-79.05196531]
[-79.21885462]
[-79.17559896]
[-79.41642037]
[-79.37819159]
[-79.36464063]
[-79.08000351]
[-79.21545575]
[-78.91029864]
[-78.84033735]
[-78.80408042]
[-79.00427512]
[-78.80892606]
[-79.14944675]
[-79.38321046]
[-79.3169432]
[-79.53157602]
[-79.41928473]
[-79.46761524]
[-79.26168386]
[-79.22615209]
[-79.0888774]
[-79.18444421]
[-79.2899037]
[-79.31366263]
[-79.3504919]
[-79.21189193]
[-79.17212982]
[-79.21460853]
[-79.14324117]
[-79.33690039]
[-79.15736724]
[-79.17188637]
[-79.13735393]
[-79.42375866]
[-79.23336119]
[-79.28285211]
[-79.25659229]
[-79.34807026]
[-79.26041737]
[-79.44238603]
[-79.40989222]
[-79.30430275]
[-79.40805588]
[-79.1205083]
[-79.1519942]
[-79.20004542]
[-79.06605157]
[-79.26381918]
[-79.31273856]
[-79.22581857]
[-79.24480219]
[-79.2224194]
[-79.15101792]
[-79.18752542]
[-79.19089467]
[-79.53949558]
[-79.36486691]
[-79.35616595]
[-79.46434594]
[-79.3928171]
[-79.51174869]
[-79.11976838]
[-79.28010016]
[-79.37979692]
[-79.57061427]
[-79.30801719]
[-79.42719529]
[-79.25267196]
[-79.30441883]
[-79.27487829]
[-79.30215324]
[-78.87068529]
[-79.34272307]
[-79.16002398]
[-79.32372811]
[-79.26723215]
[-79.29388188]
[-79.05410398]
[-79.06553831]
[-78.78099206]
[-78.92662258]
[-78.98428891]
[-78.76396976]
[-79.1326379]
[-78.93670053]
[-78.95110688]
[-79.24849423]
[-79.23236193]
[-79.03983624]
[-78.97476611]
[-79.12507475]
[-79.17446599]
[-79.2476348]
[-79.44822501]
[-79.5922525]
[-79.18692075]
[-79.08217053]
[-79.09626214]
[-79.05325617]
[-79.18657134]
[-79.06859187]
[-79.25793901]
[-79.20897394]
[-79.37602414]
[-79.18674868]
[-79.27213113]
[-79.01717692]
[-79.03111499]
[-79.08718653]
[-78.98035582]
[-78.9880622]
[-78.98958339]
[-79.15229348]
[-79.09191251]
[-79.251855]
[-79.21674493]
[-79.30274001]
[-79.32692875]
[-79.4269289]
[-78.91726468]
[-78.9979131]
[-79.00685266]
[-79.08320983]
[-79.06842631]
[-78.9828193]
[-78.91049879]
[-79.10446596]
[-79.01774333]
[-79.09502721]
[-79.06583117]
[-78.99009309]
[-79.14460608]
[-79.04624595]
[-79.2174334]
[-79.03138292]
[-79.2794197]
[-79.37138098]
[-79.14692748]
[-78.90329853]
[-79.05096423]
[-79.09414087]
[-78.76458141]
[-79.04239229]
[-78.84617782]
[-78.98529139]
[-79.0510157]
[-79.06713638]
[-78.90754062]
[-79.01880987]
[-79.11447133]
[-79.03553094]
[-79.0842034]
[-79.19216154]
[-78.96910172]
[-79.04910291]
[-79.3943015]
[-79.30202234]
[-79.10231437]
[-78.98489869]
[-79.08501837]
[-79.00541926]
[-79.09879731]
[-79.05881109]
[-79.19348934]
[-79.10163123]
[-78.90944106]
[-79.14467059]
[-78.97301032]
[-78.87313447]
[-79.19834022]
[-79.11484805]
[-79.43907221]
[-79.56564069]
[-79.35262742]
[-79.34871042]
[-79.35885717]
[-79.32440765]
[-79.05864258]
[-79.10479328]
[-79.02195875]
[-79.21850272]
[-79.13920753]
[-79.05932708]
[-79.35581556]
[-79.50083524]
[-79.15345579]
[-79.22814676]
[-79.31041433]
[-79.20996869]
[-79.27299852]
[-79.09341412]
[-79.19510273]
[-79.12528454]
[-79.03471717]
[-79.22830551]
[-79.19985026]
[-79.23795687]
[-79.24227618]
[-79.35829897]
[-79.1631506]
[-79.39028573]
[-79.30350332]
[-79.38789137]
[-79.5883239]
[-78.99080293]
[-79.32996765]
[-79.09928276]
[-79.05995087]
[-79.15946402]
[-79.14014542]
[-79.02067792]
[-79.05995632]
[-79.25704325]
[-79.15288523]
[-78.99599563]
[-78.96831648]
[-78.94885536]
[-79.08576212]
[-78.94913501]
[-79.10670848]
[-78.95878781]
[-78.93378527]
[-79.10971052]
[-79.05212416]
[-79.00641551]
[-79.31754611]
[-79.37366271]
[-79.15254835]
[-79.10493157]
[-79.18878224]
[-78.84470745]
[-79.18054552]
[-78.93304363]
[-78.93990328]
[-78.83452359]
[-78.80463752]
[-79.00520164]
[-79.0027302]
[-79.1359398]
[-78.85288557]
[-78.90185237]
[-79.00650365]
[-79.41237824]
[-79.31857301]
[-79.25670262]
[-79.37770041]
[-79.30514331]
[-79.24313909]
[-79.40724587]
[-79.43987115]
[-79.17979707]
[-79.09974734]
[-79.01640161]
[-79.06893907]
[-79.06418981]
[-79.2291408]
[-79.16122459]
[-78.88438658]
[-79.02302553]
[-79.15656279]
[-79.10994029]
[-79.20143088]
[-79.30420468]
[-79.24890829]
[-78.87432752]
[-79.37343412]
[-79.24218682]
[-79.28388938]
[-79.23932353]
[-79.20725608]
[-79.20589221]
[-79.03126684]
[-79.22966256]
[-79.09182705]
[-79.1883445]
[-79.36848395]
[-79.11725546]
[-79.15419665]
[-79.22103744]
[-79.28509737]
[-79.19566155]
[-79.13810272]
[-79.19416326]
[-79.24623427]
[-79.05168508]
[-78.87547723]
[-79.02370872]
[-79.0612137]
[-78.65786679]
[-78.99243503]
[-79.1198361]
[-79.42522619]
[-79.45181681]
[-78.9535979]
[-79.13497556]
[-79.25960204]
[-79.24047676]
[-79.38252763]
[-79.51660332]
[-79.44788183]
[-79.50302732]
[-79.30744645]
[-79.24554735]
[-79.01260593]
[-79.13724273]
[-79.00828155]
[-78.96721617]
[-79.13140315]
[-79.00119291]
[-79.2422804]
[-79.29018197]
[-79.11761894]
