[-70.686564]
[-70.84238161]
[-70.91103715]
[-70.64745366]
[-70.84334794]
[-70.75468528]
[-70.84583267]
[-70.70525333]
[-70.77422453]
[-70.93371121]
[-70.82485845]
[-70.9350135]
[-70.95980399]
[-70.87166544]
[-71.01101852]
[-70.63681976]
[-70.62124013]
[-70.75319316]
[-70.75797697]
[-70.69709301]
[-70.7065499]
[-70.84566467]
[-70.70211669]
[-70.70342021]
[-70.7089107]
[-70.88425709]
[-70.78869436]
[-70.91007253]
[-70.75257103]
[-70.95939988]
[-70.70264844]
[-70.71342551]
[-70.82629781]
[-70.76169732]
[-70.62053615]
[-70.93746503]
[-70.90314161]
[-70.7514234]
[-70.89839187]
[-70.74854558]
[-70.78850012]
[-70.85416827]
[-70.80635467]
[-70.85197106]
[-70.64135865]
[-70.83883464]
[-70.77312721]
[-70.81376722]
[-70.59367082]
[-70.8616246]
[-70.56045914]
[-70.87013121]
[-70.86739953]
[-70.76340806]
[-70.62402295]
[-70.82842829]
[-70.7399539]
[-70.75796725]
[-70.81756582]
[-70.82180948]
[-70.64760663]
[-70.74184624]
[-70.8691566]
[-70.90745035]
[-70.7293776]
[-70.52949758]
[-70.56708863]
[-70.58941175]
[-70.57021139]
[-70.99665379]
[-70.74053883]
[-70.87300328]
[-71.02873819]
[-70.74773712]
[-70.79566698]
[-70.70128795]
[-70.83004743]
[-70.93932445]
[-70.75942265]
[-70.58416483]
[-70.8212729]
[-70.84356093]
[-70.80795527]
[-70.76549473]
[-70.7752446]
[-70.7100556]
[-70.80297645]
[-70.6639003]
[-70.78824804]
[-70.69893326]
[-70.83371955]
[-70.69168975]
[-70.87052921]
[-70.71949603]
[-70.87011198]
[-70.92965762]
[-70.69707268]
[-70.8023495]
[-70.61427524]
[-70.81083139]
[-70.74097226]
[-70.84749683]
[-70.78738016]
[-70.74120543]
[-71.27452688]
[-71.3137048]
[-70.84971435]
[-70.93012402]
[-70.8350842]
[-70.82395905]
[-70.79255015]
[-70.76995738]
[-70.81386076]
[-70.7492605]
[-70.63727124]
[-70.88094111]
[-70.93609151]
[-70.76056425]
[-70.87055695]
[-70.76126604]
[-70.81797723]
[-70.9795221]
[-70.97577811]
[-70.85139038]
[-70.74146089]
[-70.66063016]
[-70.60242647]
[-70.69804074]
[-70.67036335]
[-70.81954412]
[-70.83742775]
[-70.6953802]
[-70.94883042]
[-70.79423025]
[-70.97157914]
[-70.93596699]
[-70.89123748]
[-70.84273238]
[-70.86289894]
[-70.73662466]
[-70.90885154]
[-70.75586426]
[-70.97204787]
[-70.90286434]
[-70.82920373]
[-70.97243149]
[-70.89231668]
[-70.86299461]
[-70.97609595]
[-70.94830317]
[-70.72531991]
[-70.89322995]
[-70.85994179]
[-70.82534184]
[-71.08984609]
[-71.03742992]
[-70.95889586]
[-70.99444596]
[-70.81688912]
[-70.6402104]
[-70.56438954]
[-70.80528991]
[-70.77034833]
[-70.66145527]
[-71.54588727]
[-70.73594694]
[-70.8804127]
[-70.68320457]
[-70.82248779]
[-70.89717748]
[-70.69759325]
[-70.74819045]
[-70.64500126]
[-70.72726625]
[-70.78203791]
[-70.56054417]
[-70.76294014]
[-70.64458886]
[-70.68583539]
[-70.79750666]
[-70.81236917]
[-70.95427077]
[-70.69149213]
[-70.80823914]
[-70.68035451]
[-71.21310859]
[-70.97872113]
[-70.73290216]
[-70.84703558]
[-70.8732862]
[-70.63345646]
[-70.89488955]
[-70.76698211]
[-70.75667801]
[-70.80117592]
[-70.80756754]
[-70.81892194]
[-70.97017199]
[-70.88850644]
[-70.82273505]
[-70.80478406]
[-70.69593023]
[-70.70240573]
[-70.80954469]
[-70.82098567]
[-70.68198297]
[-70.89465769]
[-70.71653348]
[-71.04227377]
[-70.91898624]
[-70.83350383]
[-70.76834433]
[-70.75370565]
[-70.80657469]
[-70.66773499]
[-70.7536254]
[-70.63793747]
[-70.65020969]
[-70.75407067]
[-70.76470178]
[-70.8610691]
[-70.70092775]
[-70.69859664]
[-70.70963709]
[-70.95401156]
[-70.74799183]
[-70.80166001]
[-70.87934349]
[-70.85964609]
[-71.02789929]
[-71.00577607]
[-70.73633756]
[-70.99947545]
[-71.0776732]
[-70.92923543]
[-70.93210699]
[-70.83618042]
[-70.91192777]
[-70.78618181]
[-70.8291253]
[-70.95517295]
[-70.74950516]
[-70.73095426]
[-70.70297808]
[-70.85179266]
[-70.89770634]
[-70.77110179]
[-70.81661164]
[-70.82698207]
[-70.74608103]
[-70.81119262]
[-71.19572824]
[-70.91684728]
[-70.90212386]
[-70.92531561]
[-71.03704434]
[-70.88483433]
[-70.88068583]
[-70.82437496]
[-70.78063956]
[-70.95765313]
[-70.92383902]
[-70.82433901]
[-70.87581459]
[-70.5785151]
[-70.77824208]
[-71.06252573]
[-70.81648782]
[-71.15854851]
[-70.79483597]
[-70.76839442]
[-70.80044849]
[-70.82689438]
[-70.77235708]
[-70.92809319]
[-70.99274505]
[-70.91537473]
[-70.8670236]
[-70.71132875]
[-70.75655559]
[-70.68785442]
[-70.64267884]
[-70.80268587]
[-70.90068311]
[-70.81834331]
[-70.73447652]
[-70.82110905]
[-70.84941904]
[-70.76348135]
[-70.92065235]
[-70.86173674]
[-70.82907429]
[-70.60243004]
[-70.92828811]
[-70.92366143]
[-70.63149288]
[-70.67788676]
[-70.8891744]
[-70.93533995]
[-70.73805116]
[-70.95070042]
[-70.81346766]
[-70.71709277]
[-70.79850119]
[-70.82376745]
[-70.97706869]
[-70.78711382]
[-70.70194477]
[-70.93016308]
[-70.95170318]
[-71.11208208]
[-70.93304472]
[-70.83337779]
[-71.05253657]
[-70.92447913]
[-70.79624948]
[-70.94189761]
[-70.9058287]
[-70.93262989]
[-70.94093114]
[-70.98833804]
[-70.91036377]
[-70.90818304]
[-70.98550408]
[-70.79390248]
[-70.94531592]
[-70.93037669]
[-70.96079204]
[-71.01927587]
[-70.76833976]
[-70.99850189]
[-70.77314143]
[-70.65669543]
[-70.93268485]
[-70.81431837]
[-70.87648263]
[-70.73236734]
[-70.76472418]
[-70.75165266]
[-70.98208176]
[-70.89947958]
[-71.31229008]
[-70.92126168]
[-70.98851767]
[-70.84239786]
[-70.84894286]
[-70.90577822]
[-70.90214647]
[-70.98187915]
[-70.69145046]
[-70.97932504]
[-70.89132977]
[-70.77527442]
[-70.81195958]
[-70.6785899]
[-70.70763996]
[-70.82808191]
[-70.71363314]
[-70.86616143]
[-70.78749485]
[-70.79258732]
[-70.67392137]
[-70.76710665]
[-70.80276291]
[-70.95569198]
[-70.86481016]
[-70.92646269]
[-70.95088851]
[-70.94177746]
[-71.1412152]
[-70.91217594]
[-70.63334208]
[-70.65505953]
[-70.78236906]
[-70.78510183]
[-70.61241507]
[-70.64516256]
[-70.80501812]
[-70.77618679]
[-70.76212053]
[-70.9208358]
[-70.76398766]
[-70.79319846]
[-70.89453435]
[-70.93481329]
[-71.02015471]
[-71.00970583]
[-70.76592648]
[-70.73757597]
[-70.98640274]
[-70.93790127]
[-71.0712487]
[-70.82758224]
[-70.84978342]
[-71.02865525]
[-70.88581628]
[-70.81016038]
[-70.75389501]
[-70.72223679]
[-70.69162236]
[-70.8680115]
[-70.71785906]
[-70.74602445]
[-70.66569164]
[-70.77698566]
[-70.91001591]
[-70.63655221]
[-70.91638743]
[-70.8456473]
[-70.9723281]
[-70.96803279]
[-70.90943039]
[-70.86934804]
[-70.82920406]
[-70.9535652]
[-71.01638781]
[-70.8509923]
[-70.78566841]
[-70.76306356]
[-71.05069478]
[-70.75842931]
[-70.76786596]
[-70.69867477]
[-70.73204601]
[-70.79067677]
[-71.12866444]
[-71.03813322]
[-70.75717607]
[-70.95232322]
[-71.0788792]
[-71.18251786]
[-70.93446026]
[-70.7753046]
[-70.8922594]
[-70.88109985]
[-70.76946081]
[-70.82460235]
[-70.6232574]
[-70.71782602]
[-70.73739166]
[-70.72267114]
[-70.806852]
[-70.82834765]
[-70.76338191]
[-70.82082617]
[-71.03124078]
[-70.89923828]
[-70.89112307]
[-70.87019041]
[-70.73165369]
[-70.93837771]
[-70.63628489]
[-70.75389722]
[-70.75249322]
[-70.87874403]
[-70.64846154]
[-70.81319912]
[-70.69936457]
[-70.72967084]
[-70.84132031]
[-70.69981364]
[-70.71890084]
[-70.98508148]
[-70.64946144]
[-70.73195893]
[-70.84370164]
[-70.68714177]
[-70.93753379]
[-70.85973861]
[-70.79162458]
[-70.81681968]
[-70.89784823]
[-70.99433319]
[-70.78063497]
[-70.79102443]
[-70.88792248]
[-70.74244344]
[-70.92167447]
[-70.7896111]
[-70.85823186]
[-70.87068527]
[-70.81127696]
[-70.82002384]
[-70.86281745]
[-70.85917719]
[-70.76526416]
[-71.00333954]
[-71.05846433]
[-70.96042674]
[-70.87099467]
[-71.02968181]
[-70.66080544]
[-70.97910257]
[-70.81044228]
[-70.83741115]
[-70.84881074]
[-70.82241331]
[-70.79271732]
[-71.00982669]
[-70.62790339]
[-70.81973666]
[-70.78561243]
[-70.86646006]
[-70.60203863]
[-71.00619497]
[-70.91077729]
[-70.81048632]
[-70.86696271]
[-70.87148729]
[-71.05443875]
[-71.14003815]
[-70.78838912]
[-70.8957546]
[-70.8527646]
[-70.809065]
[-70.84789989]
[-70.94418548]
[-70.95303951]
[-70.87132413]
[-70.66737139]
[-70.85780419]
[-70.69710906]
[-70.60957661]
[-70.72268792]
[-70.79861869]
[-70.77990042]
[-70.87588482]
[-70.77562369]
[-70.86306987]
[-70.84428454]
[-70.83902098]
[-70.92829197]
[-70.85879369]
[-70.86565272]
[-70.71619371]
[-71.02509865]
[-70.86666641]
[-70.80878354]
[-70.72838902]
[-70.66495271]
[-70.73260444]
[-70.87893357]
[-71.0111402]
[-70.72197211]
[-70.94236072]
[-70.90751104]
[-70.89709498]
[-70.79968737]
[-70.91059915]
[-70.94887463]
[-70.93134693]
[-70.77714221]
[-71.1313444]
[-70.72094069]
[-70.83136018]
[-70.74795775]
[-70.90405346]
[-70.75146588]
[-70.99348874]
[-70.85535054]
[-70.78390036]
[-70.78050147]
[-70.7350577]
[-70.76576395]
[-70.83434621]
[-70.83607362]
[-70.78975285]
[-70.72552623]
[-70.75228825]
[-70.87368069]
[-71.014202]
[-70.66628774]
[-70.82071817]
[-70.98517233]
[-70.8175705]
[-70.68971705]
[-71.02497247]
[-70.80781771]
[-70.83992867]
[-70.86926558]
[-70.91624044]
[-70.89127277]
[-71.03028744]
[-70.91024806]
[-70.93285884]
[-70.87208343]
[-70.91591007]
[-70.89019624]
[-70.98553709]
[-71.02028382]
[-70.90688664]
[-70.96030805]
[-70.73291218]
[-70.92390924]
[-70.71305354]
[-70.6815427]
[-70.92978304]
[-70.60367375]
[-70.92854496]
[-70.99909212]
[-70.86520911]
[-70.92074259]
[-71.03744542]
[-70.89246827]
[-71.59901182]
[-70.75277376]
[-70.90541817]
[-70.76572807]
[-70.88437202]
[-70.69117403]
[-70.96491068]
[-70.79128177]
[-70.62587926]
[-70.83332167]
[-70.9602001]
[-70.91880421]
[-70.71679889]
[-70.9230014]
[-70.72546393]
[-70.83544655]
[-70.84400597]
[-70.94762616]
[-70.876676]
[-70.79036239]
[-70.83211687]
[-70.75202467]
[-70.87493529]
[-70.89598033]
[-70.91060466]
[-70.75046959]
[-70.85385551]
[-70.48905562]
[-70.7331641]
[-70.98930838]
[-70.89271676]
[-70.89145207]
[-70.93548661]
[-70.93962527]
[-70.86601971]
[-70.8378571]
[-70.88473174]
[-70.89987528]
[-70.92439038]
[-71.03660002]
[-70.93664754]
[-70.91467952]
[-70.86197411]
[-70.69247373]
[-70.72408945]
[-70.90935663]
[-70.67391727]
[-70.81345031]
[-70.91616426]
[-70.75007673]
[-70.76424066]
[-70.51615743]
[-70.51231867]
[-70.82902213]
[-70.7777703]
[-70.82462086]
[-70.79032849]
[-70.66785207]
[-70.90989395]
[-70.78619351]
[-70.95693615]
[-70.85254865]
[-70.85554167]
[-70.74268674]
[-71.01603023]
[-70.8224993]
[-70.91626555]
[-70.96781499]
[-70.88341808]
[-70.77182843]
[-70.98116641]
[-70.82472075]
[-70.63609104]
[-70.72008558]
[-71.03198211]
[-70.67927685]
[-70.85049508]
[-70.87727367]
[-70.72042035]
[-70.89221422]
[-70.74226563]
[-70.88913369]
[-70.79445309]
[-70.67313523]
[-70.67760843]
[-70.90621693]
[-70.7895808]
[-70.77747154]
[-70.61044545]
[-71.30773401]
[-70.73590517]
[-70.71936234]
[-70.86706563]
[-71.61530231]
[-70.7740528]
[-70.8105974]
[-70.84253268]
[-71.05111015]
[-70.91013912]
[-70.83691013]
[-70.93153156]
[-70.82848668]
[-70.77651306]
[-70.90225474]
[-70.84864429]
[-70.84713838]
[-70.68658935]
[-70.80937455]
[-70.59310959]
[-70.66210683]
[-70.80885501]
[-70.78639483]
[-70.7131063]
[-70.92344136]
[-70.80639526]
[-70.68475797]
[-70.77852231]
[-70.95142406]
[-70.98780044]
[-70.7852573]
[-70.9382725]
[-70.89207959]
[-70.84249989]
[-70.91566148]
[-70.86776739]
[-70.94699308]
[-70.91615986]
[-70.74024087]
[-70.69134012]
[-70.87711484]
[-70.83758143]
[-70.85125825]
[-70.91179947]
[-70.78053267]
[-70.97803166]
[-70.87554512]
[-70.6344921]
[-70.63285578]
[-70.81724901]
[-70.73253352]
[-70.88262606]
[-70.81482671]
[-70.74714882]
[-70.77451111]
[-70.87321523]
[-70.80459891]
[-70.76446134]
[-70.73679332]
[-70.79448997]
[-70.7823087]
[-70.78229534]
[-70.71861656]
[-70.64161597]
[-70.84070798]
[-70.84603011]
[-70.73338417]
[-70.87557405]
[-70.84135275]
[-70.56955731]
[-70.78574059]
[-70.86127294]
[-70.78139163]
[-70.89749299]
[-70.76050678]
[-70.81523763]
[-70.85664987]
[-70.82233996]
[-70.79172062]
[-70.74236479]
[-70.81164526]
[-70.90836777]
[-70.62388059]
[-70.81715471]
[-71.08758252]
[-71.3097022]
[-70.71278883]
[-70.748158]
[-70.75887507]
[-70.63937188]
[-70.83169852]
[-70.80564653]
[-70.96723575]
[-70.59246168]
[-70.74667566]
[-70.90842191]
[-70.73985408]
[-70.73969242]
[-70.89951286]
[-70.73801826]
[-70.80491897]
[-70.92465673]
[-70.82944626]
[-70.91556065]
[-70.79449747]
[-70.89772687]
[-71.03095539]
[-70.68204898]
[-70.84043426]
[-70.88096085]
[-70.7925088]
[-70.79352372]
[-70.90092255]
[-70.84588759]
[-70.88386085]
[-70.7487566]
[-70.8899352]
[-70.74340642]
[-70.96665956]
[-70.7269563]
[-70.83725225]
[-70.81549985]
[-71.04710283]
[-70.76172866]
[-70.89516513]
[-70.74946535]
[-70.60891344]
[-70.77801109]
[-70.97924749]
[-70.74422102]
[-71.00815163]
[-70.97982031]
[-70.87597751]
[-70.81663585]
[-70.81270443]
[-70.90358496]
[-70.8092301]
[-70.74901968]
[-70.73800233]
[-70.70375382]
[-70.76005292]
[-70.76073264]
[-70.74644458]
[-70.67944023]
[-71.01307494]
[-70.85766552]
[-70.67848001]
[-70.87312789]
[-70.93450994]
[-70.71471321]
[-70.83593647]
[-70.68052391]
[-70.68435522]
[-70.62978534]
[-70.95616442]
[-70.9878239]
[-71.05342468]
[-70.75820826]
[-70.69333573]
[-70.76467634]
[-70.72222268]
[-70.89544631]
[-70.87149253]
[-70.80787991]
[-70.87065825]
[-70.94485417]
[-70.96710102]
[-70.81541292]
[-70.98247582]
[-70.89112137]
[-70.9359137]
[-70.88408894]
[-71.07204594]
[-70.86685231]
[-71.25793907]
[-70.72872056]
[-70.90718814]
[-70.79419486]
[-71.26345587]
[-70.81330357]
[-70.69616031]
[-70.89839726]
[-71.46700957]
[-70.94939815]
[-71.01878676]
[-70.95601085]
[-70.82262621]
[-71.09055511]
[-71.07648692]
[-71.0021006]
[-70.92725605]
[-70.94873202]
[-71.03560576]
[-70.93944325]
[-70.71376732]
[-70.81139008]
[-70.76322568]
[-70.80434415]
[-70.7179078]
[-70.86394338]
[-70.75803809]
[-70.91945186]
[-70.86728153]
[-70.79581517]
[-70.72963033]
[-70.76194489]
[-70.91334451]
[-70.73471678]
[-70.83819678]
[-70.60738702]
[-70.92570465]
[-70.88276172]
[-70.8847375]
[-70.82816159]
[-70.96902485]
[-70.88460392]
[-70.98955948]
[-70.80893954]
[-70.78526485]
[-70.77320888]
[-70.97852946]
[-70.96382828]
[-70.712491]
[-70.94165275]
[-70.82733201]
[-70.80887087]
[-70.69523907]
[-70.88210273]
[-70.63267329]
[-70.82182162]
[-70.76044303]
[-70.63997659]
[-70.58213827]
[-70.67562697]
[-70.8893668]
[-70.6585817]
[-70.93933082]
[-70.95114909]
[-70.81756398]
[-70.92402636]
[-70.80747932]
[-70.90803658]
[-70.93315441]
[-70.86589952]
[-70.65525299]
[-70.73802654]
[-70.96931666]
[-70.96946121]
[-70.82964038]
[-70.80170513]
[-70.85077684]
[-70.79231259]
[-70.79839721]
[-70.68923241]
[-70.89097122]
[-70.97712421]
[-70.78746595]
[-70.7272229]
[-70.97920125]
[-70.9835254]
[-71.09466897]
[-70.82821515]
[-70.84057547]
[-71.10495036]
[-70.87170337]
[-70.83864074]
[-70.82889063]
[-70.85799432]
[-70.56427486]
[-70.70351648]
[-70.83737888]
[-70.94162277]
[-70.84821899]
[-70.89359367]
[-70.88814165]
[-70.76599524]
[-70.86994565]
[-70.91980389]
[-70.80465665]
[-70.73863943]
[-70.96580258]
[-70.80556198]
[-70.7453534]
[-70.72811813]
[-70.84107146]
[-70.59765786]
[-70.68366302]
[-70.76342655]
[-70.77959169]
[-70.65989058]
[-70.70160284]
[-70.6934494]
[-70.85183716]
[-70.75026231]
[-70.68725831]
[-70.80765493]
[-70.77410512]
[-70.85427418]
[-70.82946034]
[-70.72772356]
[-71.11491485]
[-70.98546797]
[-70.63811586]
[-70.94123207]
[-70.79618383]
[-70.80182197]
[-70.75382885]
[-70.95565373]
[-70.78410334]
[-70.76620622]
[-70.62926313]
[-70.88580486]
[-70.98353487]
[-70.73768971]
[-70.79681407]
[-70.70651285]
[-70.85539195]
[-70.70233873]
[-70.78231957]
[-70.79332637]
[-70.92266272]
[-70.85310238]
[-70.77166061]
[-70.82123566]
[-70.78172495]
[-70.9960478]
[-70.77438423]
[-70.67462725]
[-70.83393546]
[-70.86276868]
[-71.12849866]
[-71.49144818]
[-70.80260343]
[-71.0868093]
[-71.05821497]
[-71.0686413]
[-70.8498276]
[-70.84540101]
[-71.11821213]
[-70.82924083]
[-70.97307725]
[-70.81125397]
[-70.84483965]
[-70.93235075]
[-70.96698689]
[-70.66162886]
[-70.74573709]
[-70.82439125]
[-70.80298624]
[-70.99885994]
[-70.88156657]
[-70.93559416]
[-71.11164232]
[-70.70643814]
[-70.85467153]
[-70.93311825]
[-70.82706398]
[-70.94965766]
[-71.28428338]
[-70.81778652]
[-70.96211596]
[-70.91999185]
[-71.49683056]
[-70.78444528]
[-70.92206349]
[-70.77304119]
[-70.79067705]
[-71.06999046]
[-71.0757231]
[-70.92287806]
[-71.00799851]
[-70.8329203]
[-70.77938092]
[-70.96327343]
[-70.5980639]
[-70.750607]
[-70.84679086]
[-70.86404465]
[-70.78230342]
[-70.77550821]
[-70.74057252]
[-70.78899353]
[-70.6751318]
[-70.95858092]
[-70.71854345]
[-70.75994445]
[-70.6488606]
[-70.75236209]
[-70.90374743]
[-70.64652081]
[-70.94414095]
[-70.75478782]
[-70.76651258]
[-70.833344]
[-70.91225612]
[-70.96541103]
[-70.9102877]
[-70.68124361]
[-70.95192959]
[-70.85580037]
[-70.81857095]
[-71.00392405]
[-71.05328846]
[-70.93556715]
[-70.81313566]
[-71.10116074]
[-70.9270577]
[-70.63874805]
[-70.7306847]
[-70.76392747]
[-70.86279811]
[-70.78307958]
[-70.69838576]
[-70.77897647]
[-70.78850673]
[-71.01886531]
[-70.83790225]
[-70.7571125]
[-70.94182843]
[-70.8221346]
[-70.81973647]
[-70.8231558]
[-70.87319392]
[-70.91743528]
[-70.94513904]
[-70.85418944]
[-70.79137724]
[-70.86948652]
[-70.8955595]
[-70.67808544]
[-70.75920761]
[-70.99163033]
[-70.68892467]
[-70.77514654]
[-70.93373414]
[-70.98459554]
[-70.84111183]
[-70.86595351]
[-70.81419198]
[-70.94535326]
[-70.84049618]
[-70.85951934]
[-70.786688]
[-71.02784069]
[-70.9479973]
[-71.01124274]
[-71.01682498]
[-70.97764698]
[-70.78320293]
[-70.78344228]
[-70.76142118]
[-71.44154861]
[-70.79546223]
[-70.81337015]
[-70.78298904]
[-70.89152417]
[-70.68885863]
[-70.72975584]
[-70.91929067]
[-70.9658857]
[-71.06334083]
[-70.85003576]
[-70.92757349]
[-71.14099697]
[-70.80035234]
[-70.89581266]
[-70.91101186]
[-70.74026445]
[-70.8979648]
[-70.9894728]
[-70.88946384]
[-70.85101596]
[-70.66877995]
[-70.75485445]
[-70.75752516]
[-70.92477895]
[-71.02843227]
[-70.81255212]
[-70.88501524]
[-70.86964471]
[-70.64316597]
[-71.03582079]
[-70.66913236]
[-70.82652003]
[-70.83126929]
[-70.86017214]
[-70.79699914]
[-70.7694208]
[-70.58712722]
[-70.84845245]
[-70.6917588]
[-70.64350231]
[-70.7084954]
[-71.00341357]
[-70.72242425]
[-70.89457874]
[-70.76621731]
[-70.85452125]
[-70.85032158]
[-70.71118998]
[-70.87962725]
[-70.68509367]
[-70.74151488]
[-70.95596076]
[-71.07592231]
[-70.93910804]
[-70.86787141]
