[-87.7899425]
[-87.68454981]
[-87.57814781]
[-87.42864346]
[-87.3246578]
[-87.84698857]
[-88.06780214]
[-87.9707192]
[-87.61921672]
[-87.87342423]
[-88.00214515]
[-87.77387042]
[-87.89453826]
[-88.14471873]
[-87.99268991]
[-87.7714896]
[-87.37716798]
[-87.43615902]
[-87.50143714]
[-87.35929319]
[-87.35174584]
[-87.25887619]
[-87.23941403]
[-87.42464768]
[-87.51986794]
[-87.48929769]
[-87.7666251]
[-88.23344762]
[-88.41990993]
[-88.24993529]
[-88.19339291]
[-87.96428754]
[-88.32729373]
[-88.00343718]
[-87.86506364]
[-87.83179128]
[-87.91423534]
[-87.83695222]
[-87.92798477]
[-87.42851342]
[-87.29560062]
[-87.05739484]
[-86.96588397]
[-87.23734097]
[-87.56789811]
[-87.71334329]
[-87.60972811]
[-88.44810033]
[-88.2891306]
[-88.11061308]
[-88.66883154]
[-88.91813487]
[-88.46165646]
[-88.19161728]
[-88.02524125]
[-87.73078571]
[-87.67967624]
[-87.66740177]
[-87.64346942]
[-87.56778687]
[-87.64751596]
[-87.89969399]
[-87.78347051]
[-88.06575647]
[-88.00036847]
[-87.97889822]
[-87.69053431]
[-87.57104974]
[-87.77017009]
[-88.32722109]
[-88.19589403]
[-87.996084]
[-87.98472657]
[-87.7819675]
[-87.69915562]
[-87.59249473]
[-87.61097749]
[-87.5515798]
[-87.57140445]
[-87.64774763]
[-87.57331402]
[-87.61986321]
[-87.53888272]
[-87.52698662]
[-87.33384854]
[-87.23842509]
[-87.72001295]
[-87.62285543]
[-88.03841073]
[-88.18504141]
[-88.17774645]
[-88.11931081]
[-88.11367169]
[-87.71940408]
[-87.7296872]
[-87.74594335]
[-88.02357859]
[-87.78370062]
[-88.02474284]
[-88.10988671]
[-88.21470159]
[-87.93411231]
[-87.96461647]
[-87.80484072]
[-87.75537121]
[-87.4495145]
[-87.53920378]
[-87.44787632]
[-87.15322348]
[-87.21298551]
[-87.14299209]
[-86.92372837]
[-87.12914187]
[-87.32750745]
[-87.55756647]
[-87.67641718]
[-87.25787285]
[-87.35416914]
[-87.34888844]
[-87.29506245]
[-87.29599607]
[-87.56017101]
[-87.79389174]
[-87.75330813]
[-87.36717167]
[-87.80180839]
[-87.71263647]
[-87.70026184]
[-87.3689404]
[-87.27473619]
[-87.2777631]
[-87.58152454]
[-87.64394952]
[-87.27799074]
[-87.30164694]
[-87.41338252]
[-87.38191698]
[-87.61498181]
[-87.74749705]
[-87.84509271]
[-88.00985055]
[-88.11085613]
[-87.7934133]
[-87.55843851]
[-87.72628534]
[-87.57867094]
[-87.79934489]
[-87.74672232]
[-87.68719038]
[-87.74792982]
[-87.62049005]
[-87.27808922]
[-87.26774295]
[-87.38095998]
[-87.3697173]
[-87.58650733]
[-87.56992293]
[-87.93467792]
[-87.90105035]
[-87.65532125]
[-87.67847371]
[-87.62639204]
[-87.84072712]
[-87.88911334]
[-87.82284344]
[-87.55958437]
[-87.6847371]
[-87.78225332]
[-87.55967274]
[-87.54906723]
[-87.36006776]
[-87.32520662]
[-87.44135785]
[-87.5802042]
[-87.62680576]
[-87.42883006]
[-87.49730899]
[-87.79338056]
[-87.70213538]
[-87.45333114]
[-87.52640668]
[-87.39004923]
[-87.43928056]
[-87.72087943]
[-87.84512444]
[-88.03283981]
[-87.68549606]
[-87.52495598]
[-87.30161577]
[-87.5356587]
[-87.62203188]
[-87.44452889]
[-87.32578726]
[-87.32413673]
[-87.41485632]
[-87.26864026]
[-87.60820314]
[-87.7253805]
[-87.95612574]
[-88.04958185]
[-87.9675312]
[-87.93168961]
[-87.47125277]
[-87.57783316]
[-87.9244548]
[-88.33342623]
[-88.13518498]
[-88.13290957]
[-87.90795053]
[-87.57260366]
[-87.48927142]
[-87.83077478]
[-87.78777055]
[-87.95097584]
[-87.49786139]
[-87.14386555]
[-87.07626646]
[-87.26177336]
[-87.51580368]
[-87.67091399]
[-87.75248985]
[-87.85913502]
[-87.68495975]
[-87.56821214]
[-87.54112781]
[-87.71836187]
[-87.43813317]
[-87.61171435]
[-87.74931454]
[-87.99637566]
[-88.03705186]
[-87.76530789]
[-87.28242681]
[-87.49932918]
[-87.46865906]
[-87.42934799]
[-87.78286266]
[-87.6833594]
[-87.67039113]
[-87.3962976]
[-87.42690837]
[-87.57277301]
[-87.81962008]
[-87.98672712]
[-88.3048491]
[-88.02699855]
[-88.29969214]
[-88.11289949]
[-87.9362661]
[-87.97056441]
[-87.7017239]
[-87.58962333]
[-87.36624166]
[-87.66883864]
[-87.35280891]
[-87.48793561]
[-87.47575929]
[-87.41966173]
[-87.27925543]
[-87.58906037]
[-87.65879511]
[-87.70094834]
[-87.50048206]
[-87.59503228]
[-87.53616499]
[-87.59353519]
[-87.83125613]
[-88.00915017]
[-87.95200731]
[-87.48236906]
[-87.08347149]
[-87.07938333]
[-86.90712552]
[-87.12686698]
[-87.36123435]
[-87.37681253]
[-87.35455145]
[-87.57219341]
[-87.58277641]
[-87.68521614]
[-87.63172348]
[-87.42914491]
[-87.24843934]
[-87.04536241]
[-87.27335224]
[-87.28920389]
[-87.46655858]
[-87.76769672]
[-87.66936464]
[-87.47403529]
[-87.29377304]
[-87.11845855]
[-87.05194401]
[-87.18682812]
[-87.30244918]
[-87.42507211]
[-87.33585748]
[-87.58550496]
[-87.56954614]
[-87.47323213]
[-87.5491136]
[-87.29557652]
[-87.3691538]
[-87.34144597]
[-87.20902377]
[-87.32422183]
[-87.19947358]
[-87.31863235]
[-87.60745146]
[-87.55852169]
[-87.53634021]
[-87.72473841]
[-87.43282451]
[-87.6483721]
[-87.5375936]
[-87.43264607]
[-87.45812017]
[-87.33181833]
[-87.32249533]
[-87.88597152]
[-87.83547619]
[-87.63906824]
[-87.38231351]
[-87.06185164]
[-87.5156095]
[-87.56438617]
[-87.67474571]
[-87.87572222]
[-87.827705]
[-88.15074406]
[-88.15612412]
[-88.13201766]
[-87.76960006]
[-87.86767189]
[-88.19479228]
[-87.84755436]
[-88.12781245]
[-88.30569657]
[-88.37977823]
[-88.66570245]
[-88.77588135]
[-88.47896822]
[-88.37375728]
[-87.93421941]
[-87.62288588]
[-87.38947454]
[-87.39132071]
[-87.32849368]
[-87.1901585]
[-86.80200686]
[-87.65829808]
[-87.79809714]
[-87.94111245]
[-87.90704447]
[-87.83580157]
[-88.27595258]
[-88.11258551]
[-88.43789327]
[-88.71717411]
[-88.76455154]
[-88.16696909]
[-87.46770561]
[-87.37342064]
[-86.82519036]
[-87.70834675]
[-87.77598756]
[-87.22374772]
[-86.85439486]
[-86.53740346]
[-87.18864702]
[-87.55379598]
[-88.09761689]
[-87.50540628]
[-87.5813922]
[-88.66086592]
[-88.5884884]
[-88.91564286]
[-88.74688934]
[-88.07644977]
[-88.28598932]
[-88.00427018]
[-87.66467932]
[-87.3883796]
[-87.36900612]
[-87.21901101]
[-86.85522885]
[-87.27143977]
[-87.20652146]
[-87.18066064]
[-87.16584698]
[-87.07587638]
[-86.96530378]
[-86.89190829]
[-87.3723616]
[-87.38444424]
[-87.47531834]
[-86.81460971]
[-86.78611573]
[-87.06425248]
[-87.2808149]
[-87.80758569]
[-88.10408789]
[-87.9377897]
[-87.85946002]
[-87.85165172]
[-87.80907212]
[-87.89091166]
[-87.50439872]
[-87.41503236]
[-87.48479414]
[-87.42180623]
[-87.96812978]
[-87.91651177]
[-87.43979301]
[-87.41952552]
[-87.21062457]
[-86.88448967]
[-87.12021703]
[-87.40372645]
[-87.33709083]
[-87.56236728]
[-87.7917215]
[-87.41930127]
[-87.5846605]
[-87.61987552]
[-87.7515506]
[-87.5649825]
[-87.8370115]
[-88.03838817]
[-87.91320517]
[-88.16110589]
[-87.75109163]
[-87.1885609]
[-86.75841941]
[-86.692777]
[-86.79188407]
[-86.973471]
[-87.18469325]
[-87.4771416]
[-87.45343554]
[-87.1543896]
[-87.20711793]
[-86.99234423]
[-87.38099563]
[-87.39172933]
[-87.49374931]
[-87.6626828]
[-87.88044917]
[-88.36980065]
[-87.98346128]
[-87.76205479]
[-87.53595467]
[-87.3816239]
[-87.27603608]
[-87.70153432]
[-87.38932422]
[-87.28068857]
[-87.52291786]
[-87.58404136]
[-87.69218667]
[-87.79057911]
[-87.72721028]
[-87.3616771]
[-87.50929967]
[-87.66574672]
[-88.13293422]
[-87.7955494]
[-87.14710891]
[-87.48765025]
[-87.63284761]
[-86.99770529]
[-86.88416759]
[-86.71222858]
[-87.00946114]
[-87.41069404]
[-87.70854927]
[-87.94051409]
[-87.93695748]
[-88.06058894]
[-88.03084681]
[-88.00859509]
[-87.78684452]
[-87.86617103]
[-87.92408802]
[-88.38979428]
[-88.03283282]
[-87.79499936]
[-87.50569333]
[-87.44894654]
[-87.46581659]
[-87.25972493]
[-87.03918409]
[-87.10580272]
[-87.16690612]
[-86.88892232]
[-87.39575065]
[-87.59132676]
[-87.67246029]
[-87.57025714]
[-87.48466954]
[-87.53421221]
[-87.67136841]
[-87.60786165]
[-87.82499937]
[-87.81075113]
[-87.95541338]
[-87.79736584]
[-87.78113155]
[-87.71687039]
[-87.65519669]
[-87.57116362]
[-87.68888805]
[-87.30485604]
[-87.56672169]
[-87.33231486]
[-87.35435242]
[-87.09723944]
[-86.98091463]
[-87.10096854]
[-87.39038375]
[-87.73877345]
[-87.97501404]
[-88.13991914]
[-88.44287453]
[-88.42611884]
[-88.23078623]
[-87.10420272]
[-87.23781099]
[-87.28762292]
[-87.29947807]
[-87.44347991]
[-87.56740736]
[-87.49214271]
[-87.4535351]
[-87.65573705]
[-87.40385892]
[-87.42096114]
[-87.41640354]
[-87.55389648]
[-87.94739572]
[-87.94293865]
[-88.21318871]
[-87.83057603]
[-88.13855782]
[-88.01661123]
[-87.50527637]
[-87.12053093]
[-86.93399871]
[-87.00218052]
[-86.88045955]
[-86.86978195]
[-87.14038315]
[-87.44862015]
[-87.495379]
[-87.66199525]
[-87.83309307]
[-87.84949203]
[-87.95618119]
[-87.73004957]
[-87.77229993]
[-87.89576973]
[-88.34020841]
[-88.29901319]
[-87.9556506]
[-87.71436867]
[-87.50670587]
[-87.65822717]
[-87.58215007]
[-87.54688187]
[-87.50176641]
[-87.51195656]
[-87.99188856]
[-88.01190647]
[-87.70097453]
[-88.029699]
[-87.56283378]
[-87.33464098]
[-87.52266829]
[-87.67662192]
[-87.67240238]
[-87.27795264]
[-87.05601288]
[-87.22179676]
[-87.37359352]
[-87.62002455]
[-87.7847918]
[-87.83467009]
[-87.34964414]
[-87.23447049]
[-87.0496661]
[-87.39000674]
[-87.84538183]
[-87.93148665]
[-87.49516973]
[-87.27860745]
[-87.2974642]
[-87.12910425]
[-87.21986639]
[-87.22882893]
[-87.51116848]
[-87.43690695]
[-87.27540428]
[-87.51570247]
[-87.42979141]
[-87.57003722]
[-87.51756318]
[-87.18079611]
[-87.09556937]
[-87.27390875]
[-87.27510775]
[-87.46428858]
[-87.4737803]
[-87.65778968]
[-88.04619962]
[-87.63294754]
[-87.33049534]
[-87.50676242]
[-87.3610815]
[-87.27311447]
[-87.3781613]
[-87.52497314]
[-87.62720932]
[-87.47167098]
[-87.32971936]
[-87.31659229]
[-87.58386463]
[-88.13435597]
[-88.126674]
[-87.81140678]
[-88.45185763]
[-88.63823997]
[-88.41912564]
[-88.10895181]
[-87.81449207]
[-87.45659619]
[-87.1782058]
[-87.30499061]
[-86.97889488]
[-86.87704037]
[-86.74238895]
[-86.67409309]
[-86.52479216]
[-86.82790541]
[-87.16433093]
[-87.37306378]
[-87.43781181]
[-87.62163418]
[-87.74978226]
[-87.76902651]
[-87.97337965]
[-87.92815445]
[-87.77041381]
[-87.68736662]
[-88.01046511]
[-88.17105792]
[-87.97308961]
[-87.9697561]
[-88.04322892]
[-87.62692634]
[-87.53083741]
[-87.42600295]
[-87.45982353]
[-87.23268993]
[-87.33389957]
[-87.44728568]
[-87.48105808]
[-87.59948179]
[-87.31574055]
[-87.49297925]
[-87.80810978]
[-88.14956101]
[-88.08868919]
[-88.01359409]
[-88.1706867]
[-88.1046745]
[-88.07950531]
[-87.96839904]
[-87.78324988]
[-87.40375476]
[-87.43355818]
[-87.53416994]
[-87.340944]
[-87.34382493]
[-87.39455523]
[-87.46459234]
[-87.62607147]
[-87.80167378]
[-88.13051052]
[-87.97562429]
[-87.49880087]
[-87.42599711]
[-87.46226918]
[-87.43558842]
[-87.57220058]
[-87.7494578]
[-87.88486913]
[-88.05608353]
[-88.21139112]
[-88.04934227]
[-87.68177996]
[-87.83276776]
[-87.6338973]
[-87.71448693]
[-87.64645573]
[-87.73685363]
[-87.87840348]
[-88.17459453]
[-88.02340279]
[-87.8672839]
[-87.96125443]
[-88.18081974]
[-87.79427205]
[-87.39401692]
[-87.09638064]
[-87.49515908]
[-87.6608609]
[-87.76078337]
[-87.9282226]
[-88.01584046]
[-87.76048902]
[-87.85944865]
[-87.89504743]
[-88.19627844]
[-88.37826772]
[-88.42630204]
[-88.71067497]
[-88.47046203]
[-88.07922618]
[-88.4236813]
[-88.11259604]
[-87.61137884]
[-87.57411666]
[-87.30081035]
[-87.22777737]
[-87.45420954]
[-87.38071447]
[-87.16969509]
[-87.34539783]
[-87.33153823]
[-87.6481336]
[-88.01466643]
[-87.85364529]
[-88.42992528]
[-88.43815433]
[-88.52354409]
[-88.32022905]
[-88.03573285]
[-88.03243599]
[-87.64741659]
[-87.60440302]
[-87.71241871]
[-87.68632378]
[-87.39408849]
[-87.26067363]
[-87.0248786]
[-87.32288564]
[-87.5835743]
[-87.77238658]
[-87.82186661]
[-87.66819749]
[-87.55165164]
[-87.86321673]
[-87.66833594]
[-87.66667053]
[-87.70593531]
[-87.72237526]
[-87.84073831]
[-87.89109519]
[-87.99761927]
[-87.89905115]
[-88.22764644]
[-88.00453892]
[-87.86322717]
[-87.97044146]
[-87.860327]
[-88.01143458]
[-88.06146059]
[-87.8615683]
[-87.83253512]
[-87.97398339]
[-88.2223528]
[-87.90882846]
[-87.84439885]
[-87.5580984]
[-87.70567246]
[-87.89880968]
[-87.81577744]
[-87.78477109]
[-87.72851634]
[-87.57081576]
[-87.27476171]
[-87.31491601]
[-87.30654921]
[-87.3778808]
[-87.60972967]
[-87.40539207]
[-87.33883483]
[-87.37526789]
[-87.62240451]
[-87.93674401]
[-87.71990949]
[-87.79134735]
[-87.70256853]
[-87.3744309]
[-87.18201333]
[-87.4934515]
[-87.53161731]
[-87.70485294]
[-87.55759894]
[-87.62035196]
[-87.85372425]
[-87.60365496]
[-87.64510404]
[-87.8826832]
[-87.53675264]
[-87.82406642]
[-87.84104276]
[-88.28340396]
[-87.97070328]
[-87.88670187]
[-87.62917052]
[-87.29506555]
[-87.32698675]
[-87.61884167]
[-87.44878773]
[-87.56789184]
[-87.57726866]
[-87.79480526]
[-87.87742704]
[-87.79599451]
[-87.61539023]
[-87.44299052]
[-87.68418759]
[-87.92432404]
[-88.07573861]
[-88.18216188]
[-88.19259802]
[-88.14536671]
[-88.281289]
[-88.34404528]
[-88.49512943]
[-88.14884338]
[-87.78049578]
[-87.82808553]
[-87.0812311]
[-86.99679059]
[-86.60362704]
[-86.73257012]
[-86.53242526]
[-86.96603567]
[-87.45202979]
[-87.91753462]
[-87.97265277]
[-87.86777818]
[-88.02291207]
[-88.45859977]
[-88.36899542]
[-88.11140227]
[-88.14666911]
[-87.81548326]
[-87.5824601]
[-87.49583527]
[-87.589743]
[-87.7320787]
[-87.59652409]
[-87.34646832]
[-87.44271285]
[-87.71937454]
[-87.92839984]
[-87.40991026]
[-87.23091702]
[-86.88296063]
[-86.84627032]
[-87.23461952]
[-87.52117707]
[-87.60812205]
[-87.79135066]
[-87.62155587]
[-87.564837]
[-87.42889253]
[-87.38768275]
[-87.4223097]
[-87.70075992]
[-87.40254543]
[-87.55980613]
[-87.41815945]
[-87.65143694]
[-87.71541161]
[-87.79623766]
[-87.88869959]
[-87.88783484]
[-87.86069853]
[-87.75333048]
[-87.81073146]
[-87.48661466]
[-87.37444505]
[-87.19326672]
[-87.05868555]
[-87.05262802]
[-86.99387343]
[-87.06583375]
[-86.76447627]
[-86.91479745]
[-87.27906449]
[-87.54437076]
[-87.49197634]
[-87.63850664]
[-87.74973846]
[-87.76000914]
[-87.75474801]
[-88.09024295]
[-88.17969389]
[-88.07613223]
[-87.89773068]
[-87.85630195]
[-87.70254381]
[-87.51683626]
[-87.21588626]
[-87.14881046]
[-87.29935362]
[-87.08529217]
[-87.11855829]
[-87.69714255]
[-87.70117645]
[-87.40875927]
[-87.31852574]
[-86.89370003]
[-87.18883812]
[-87.42073658]
[-86.85311428]
[-86.83564427]
[-86.78530512]
[-86.85542388]
[-86.99340738]
[-87.21859703]
[-87.16712098]
[-87.46933898]
[-87.63093425]
[-87.87632261]
[-87.79693446]
[-87.92208548]
[-87.68967549]
[-87.69623885]
[-88.03134871]
[-87.7459584]
[-87.63262047]
[-88.08535253]
[-87.51704103]
[-87.49545461]
[-87.74574223]
[-87.79206988]
[-87.38766096]
[-87.42281429]
[-87.50526488]
[-87.63315203]
[-88.08741887]
[-87.44643685]
[-87.35753994]
[-87.69686604]
[-87.82549853]
[-87.82117824]
[-87.45180441]
[-87.05072218]
[-87.20363617]
[-87.32497065]
[-87.48392465]
[-87.36767025]
[-87.26146244]
[-87.12615056]
[-87.1071834]
[-87.35725399]
[-87.52757244]
[-87.63683326]
[-87.41495011]
[-87.77732073]
[-88.11605953]
[-88.15264553]
[-87.90135771]
[-87.62775008]
[-87.76055829]
[-87.89760541]
[-88.42209836]
[-88.04986754]
[-87.42937529]
[-87.6253903]
[-87.70051529]
[-87.74033182]
[-87.98289251]
[-87.58323986]
[-87.49460151]
[-87.54744897]
[-87.47676409]
[-87.06274852]
[-87.16889302]
[-87.46162318]
[-87.73990269]
[-87.78792161]
[-87.85934137]
[-88.11464916]
[-88.05468977]
[-88.17820622]
[-88.07080598]
[-87.67481934]
[-87.59345076]
[-87.84668439]
[-88.05400537]
[-88.22957642]
[-88.31055825]
[-88.18027806]
[-88.25478021]
[-87.88302996]
[-87.30653008]
[-87.40097006]
[-87.65607337]
[-87.95754751]
[-87.99171066]
[-87.89276327]
[-88.04910128]
[-88.24150762]
[-88.32450786]
[-88.34934341]
[-88.3146351]
[-87.74942077]
[-87.76875261]
[-87.84524113]
[-88.05018682]
[-87.90471894]
[-87.94757673]
[-87.83301711]
[-87.82419653]
[-87.91680826]
[-87.93264182]
[-87.96849388]
[-88.04734112]
[-88.20298832]
[-88.06977336]
[-88.08626643]
[-88.08671029]
[-88.11519628]
[-88.25005017]
[-88.26727727]
[-88.05690079]
[-87.65989149]
[-87.50425278]
[-87.52346821]
[-87.40610129]
[-87.7590788]
[-87.57954311]
[-87.37507644]
[-87.66605773]
[-87.60842625]
[-87.77938029]
[-87.97017988]
[-87.95724997]
[-88.06471367]
[-88.13268094]
[-87.83929849]
[-88.02865242]
[-88.37265171]
[-88.25881182]
[-88.42082592]
[-88.08327248]
[-87.97181214]
[-87.70092932]
[-87.4640707]
[-87.33990163]
[-87.04630935]
[-87.06083114]
[-87.24352293]
[-87.50425226]
[-87.48241411]
[-87.53372433]
[-87.58070167]
[-87.80896384]
[-87.96681508]
[-88.0881996]
[-88.20911456]
[-88.07891937]
[-88.08292543]
[-87.76862724]
[-87.73977675]
[-87.81655301]
[-87.73035014]
[-87.71733383]
[-87.88885007]
[-87.84052478]
[-87.71981933]
[-88.08955052]
[-87.80266376]
[-87.75236786]
[-87.6137712]
[-87.27528874]
[-87.04497725]
[-87.32965287]
[-87.35488902]
[-87.53276714]
[-87.5995529]
[-87.59478456]
[-87.48499182]
[-87.27829953]
[-87.32232095]
[-87.32782044]
[-87.25587666]
[-87.63121065]
[-87.80363134]
[-87.72210042]
[-87.98572293]
[-88.13411832]
[-87.72046223]
[-87.35216996]
[-87.49839704]
[-87.37671538]
[-87.02198394]
[-86.79649032]
[-87.15437274]
[-87.3960889]
[-87.5304886]
[-87.53210513]
[-87.24089209]
[-87.25935372]
[-87.37108478]
[-87.64518217]
[-87.77363515]
[-87.92817291]
[-87.69118247]
[-88.00404919]
[-88.27085158]
[-88.21737167]
[-88.16441294]
[-88.36464305]
[-88.11922006]
[-87.9573957]
[-88.05718631]
[-88.02190291]
[-87.70413621]
[-87.65911925]
[-87.6973538]
[-87.59229959]
[-87.36107425]
[-87.53779491]
[-87.75058596]
[-87.94525191]
[-87.89210379]
[-88.26568751]
[-88.18142353]
[-87.94491814]
[-87.92609172]
[-87.81412156]
[-88.01318895]
[-87.62326436]
[-87.73117023]
[-88.30295489]
[-88.03543354]
[-87.94747519]
[-87.83803835]
[-87.69151527]
[-87.61444464]
[-87.70976546]
[-87.69216008]
[-87.82375503]
[-87.9672978]
[-87.79545868]
[-87.70539688]
[-87.86474548]
[-88.11825981]
[-88.01134031]
[-87.87336461]
[-87.65223657]
[-87.64838137]
[-87.39998767]
[-87.50073918]
[-87.34868237]
[-87.46559762]
[-87.43607209]
[-87.64398386]
[-87.87653983]
[-87.74733098]
[-87.73535525]
[-87.6603819]
[-87.66056818]
[-87.49913028]
[-87.47295479]
[-87.21408518]
[-87.38166425]
[-87.54219062]
[-87.82030587]
[-87.94394556]
[-87.75184602]
[-87.69868026]
[-87.86793708]
[-88.00147984]
[-87.81573367]
[-87.47172705]
[-87.91750294]
[-87.82274286]
[-87.79692407]
[-87.54195473]
[-87.45553196]
[-87.71395415]
[-87.46932318]
