[-82.50451201]
[-82.464683]
[-82.51410806]
[-82.30425639]
[-82.37598575]
[-82.38566266]
[-82.36951825]
[-82.15022504]
[-81.88630959]
[-81.97214979]
[-82.15180512]
[-82.40857266]
[-82.20883611]
[-82.21061509]
[-81.94075734]
[-82.19123052]
[-82.10774043]
[-82.05543074]
[-82.05139408]
[-82.2141742]
[-82.22288983]
[-82.19605261]
[-82.21489482]
[-82.01063385]
[-82.17991725]
[-82.1801983]
[-82.19387673]
[-82.23620856]
[-82.127412]
[-82.21399913]
[-82.36531992]
[-82.41356018]
[-82.25908763]
[-82.12817238]
[-81.91087657]
[-82.10365325]
[-82.10819781]
[-82.07101233]
[-81.9279282]
[-81.82767509]
[-82.31037769]
[-82.22940778]
[-82.4196634]
[-82.17615374]
[-82.25735256]
[-82.50062846]
[-82.25990613]
[-82.1819027]
[-81.75406285]
[-81.85146386]
[-81.90067469]
[-81.94274519]
[-81.95608486]
[-82.03234566]
[-82.10647566]
[-82.09079819]
[-82.06885]
[-81.91913658]
[-81.912024]
[-81.78455086]
[-81.95153211]
[-82.13488067]
[-82.39540562]
[-82.3906246]
[-82.19578737]
[-82.30778808]
[-82.3800389]
[-82.29583304]
[-82.42975803]
[-82.31057745]
[-82.01946182]
[-82.23906411]
[-82.07049707]
[-82.1550266]
[-82.04508271]
[-81.77027442]
[-81.9184488]
[-81.97155448]
[-81.86273294]
[-82.03294589]
[-82.22171162]
[-82.01488813]
[-81.94183256]
[-81.69994878]
[-81.88352618]
[-81.96807305]
[-81.99594743]
[-82.02438646]
[-81.97244141]
[-82.31121971]
[-82.27896094]
[-82.16465747]
[-82.07701062]
[-82.06701742]
[-82.03151345]
[-81.77934144]
[-81.84245769]
[-81.964134]
[-81.87860556]
[-82.00299507]
[-81.82268765]
[-82.11777102]
[-82.18390073]
[-82.23766663]
[-81.97180955]
[-82.22851312]
[-82.16508092]
[-82.14261589]
[-82.06524608]
[-81.95385216]
[-81.97225082]
[-82.00233998]
[-81.93759622]
[-81.97596993]
[-81.92274263]
[-81.91877729]
[-82.07128091]
[-82.33091004]
[-82.46482627]
[-82.16529337]
[-82.48815913]
[-82.401997]
[-82.33612041]
[-81.94365525]
[-82.1774774]
[-82.00476409]
[-82.00816675]
[-82.13883158]
[-82.10044661]
[-82.13038077]
[-82.40893827]
[-82.73073551]
[-82.71397405]
[-82.32692519]
[-82.44078343]
[-82.48046845]
[-82.35247696]
[-82.28298011]
[-82.47733338]
[-82.24152068]
[-82.13247141]
[-81.883355]
[-81.94869884]
[-81.93024554]
[-82.02512318]
[-81.97512517]
[-82.04107909]
[-82.13866043]
[-82.08252405]
[-82.2267463]
[-82.25784544]
[-82.04646043]
[-82.28333957]
[-82.33959664]
[-82.51919357]
[-82.22601915]
[-82.25562197]
[-82.30646514]
[-82.21843458]
[-82.08702072]
[-81.92528364]
[-81.62697072]
[-81.77783632]
[-81.72574142]
[-81.80999812]
[-82.02474665]
[-81.98973589]
[-82.07786025]
[-82.25296472]
[-82.15812728]
[-82.22760565]
[-82.11621175]
[-82.41632514]
[-82.30917962]
[-82.33001837]
[-82.40307462]
[-82.20302722]
[-82.21913273]
[-82.17883838]
[-82.07115955]
[-81.92457348]
[-81.72624296]
[-81.71313884]
[-81.8551941]
[-81.92355509]
[-82.00050711]
[-82.17248273]
[-82.12018784]
[-82.14739493]
[-82.37352706]
[-82.39440865]
[-82.50471367]
[-82.28315208]
[-82.38662967]
[-82.18039007]
[-82.22185788]
[-82.49336015]
[-82.34957751]
[-82.44104863]
[-81.96029728]
[-81.98469539]
[-81.89660341]
[-81.73006618]
[-81.81600464]
[-81.85961867]
[-81.94102889]
[-81.74881187]
[-81.97234812]
[-82.23676318]
[-82.15313986]
[-82.19227804]
[-82.27373015]
[-82.40367179]
[-82.6857918]
[-82.47206441]
[-82.08043606]
[-82.1217918]
[-82.27915651]
[-82.16650354]
[-82.23570901]
[-82.14530235]
[-82.0170648]
[-82.10970934]
[-82.09413807]
[-81.81440578]
[-81.89132179]
[-81.91082453]
[-81.74971481]
[-82.00068521]
[-82.15567356]
[-81.96411525]
[-81.87057714]
[-81.94953598]
[-82.0144893]
[-81.84856184]
[-82.0467889]
[-81.87301912]
[-82.022203]
[-82.22170819]
[-82.04548538]
[-82.19332448]
[-82.0047897]
[-82.0795082]
[-82.23851844]
[-82.46785031]
[-82.61866979]
[-82.43141009]
[-82.29770414]
[-82.41509461]
[-82.325051]
[-82.16972861]
[-81.90998483]
[-81.99941843]
[-81.67251678]
[-81.67379324]
[-81.71465941]
[-81.7079407]
[-82.04285939]
[-81.94300342]
[-81.99664909]
[-82.31894251]
[-82.24898515]
[-82.17587511]
[-82.15733158]
[-82.23770828]
[-82.2664126]
[-82.45146183]
[-82.3892105]
[-82.17608667]
[-82.23669866]
[-82.13282612]
[-82.17917413]
[-81.92385999]
[-81.93201704]
[-81.88551192]
[-81.94931583]
[-81.70921334]
[-81.91468263]
[-82.06113076]
[-82.40280333]
[-82.34609359]
[-82.53119798]
[-82.38876314]
[-82.30934928]
[-82.19403071]
[-82.06327885]
[-82.23504123]
[-82.35392776]
[-82.39516709]
[-82.39497507]
[-82.40736983]
[-82.2796236]
[-82.05264405]
[-81.98669191]
[-82.13820241]
[-82.18620127]
[-82.1757909]
[-82.3111131]
[-82.22772509]
[-82.28533968]
[-82.31722631]
[-82.46063746]
[-82.56455788]
[-82.56709071]
[-82.451179]
[-82.35767388]
[-82.40527393]
[-82.21289568]
[-82.37081618]
[-82.33809042]
[-82.38537112]
[-82.35016394]
[-82.42260057]
[-82.27591908]
[-82.21100229]
[-82.20112296]
[-82.32532036]
[-82.19403457]
[-82.03980457]
[-82.18126516]
[-82.38557199]
[-82.37620084]
[-82.42660122]
[-82.3881749]
[-82.54105762]
[-82.46605125]
[-82.04064206]
[-82.13953243]
[-82.11822565]
[-82.06759944]
[-82.2127098]
[-81.88377474]
[-82.12260778]
[-81.97661984]
[-82.22504372]
[-82.28868523]
[-82.08013293]
[-82.15799961]
[-82.33940169]
[-82.54331917]
[-82.39553239]
[-82.35084706]
[-82.12708875]
[-81.95151331]
[-82.23557451]
[-82.31503123]
[-82.07210355]
[-82.03377394]
[-81.93895664]
[-82.19195151]
[-82.09874115]
[-82.31405585]
[-82.42187353]
[-82.40976264]
[-82.22148547]
[-82.28646963]
[-82.34231663]
[-82.29700747]
[-82.28408289]
[-82.01346459]
[-82.26345732]
[-82.06702864]
[-82.0450853]
[-81.78265596]
[-81.95171481]
[-81.86030297]
[-81.78576518]
[-81.92640314]
[-81.85238766]
[-81.98432344]
[-82.17515767]
[-82.49809933]
[-82.32768251]
[-82.2008372]
[-82.1439723]
[-82.05611717]
[-81.92687909]
[-81.90477573]
[-82.03073813]
[-82.27213756]
[-82.21879595]
[-82.15899175]
[-81.99708647]
[-81.95560795]
[-81.73057298]
[-81.51375909]
[-81.63183195]
[-81.77669071]
[-81.90474902]
[-82.19927326]
[-82.68124435]
[-82.7258574]
[-82.75238121]
[-82.44805166]
[-82.34211539]
[-82.47433931]
[-82.37145073]
[-82.60402861]
[-82.06435044]
[-82.04574014]
[-81.95423491]
[-82.13696246]
[-82.24022963]
[-82.32771443]
[-82.08371222]
[-82.13668643]
[-82.15387976]
[-82.36715169]
[-82.03349954]
[-81.76942068]
[-82.15813205]
[-82.30790601]
[-82.49799543]
[-82.36699451]
[-82.48945436]
[-82.07139726]
[-82.35544339]
[-82.75131722]
[-83.01074674]
[-82.65254324]
[-82.54120992]
[-82.36457768]
[-82.48575543]
[-82.13987205]
[-82.16098685]
[-82.18234625]
[-81.88650723]
[-81.97024252]
[-82.09666038]
[-82.22476213]
[-82.33584769]
[-82.00016588]
[-82.28405453]
[-81.71099683]
[-81.71539759]
[-82.09557394]
[-81.99030609]
[-82.25215401]
[-82.11169472]
[-82.10986051]
[-82.28465124]
[-81.91720902]
[-82.07902285]
[-82.08779768]
[-81.83001509]
[-81.82218273]
[-81.81126822]
[-81.8844246]
[-82.1480533]
[-82.12285918]
[-82.17776567]
[-82.09741467]
[-82.12336303]
[-81.98348816]
[-82.13763478]
[-82.09073341]
[-82.41778783]
[-82.23211952]
[-82.3947032]
[-82.11650651]
[-82.5260763]
[-82.33843323]
[-82.53185917]
[-82.28720616]
[-82.19723252]
[-82.05316236]
[-82.03557063]
[-82.07830012]
[-81.93138417]
[-82.20619466]
[-82.2155344]
[-81.85678672]
[-81.88010507]
[-82.01953257]
[-82.11620412]
[-82.331867]
[-82.17117407]
[-81.99397344]
[-82.14188476]
[-82.17953873]
[-82.06234555]
[-82.08422118]
[-82.15038968]
[-82.47824113]
[-82.15168888]
[-82.1083015]
[-82.11148516]
[-82.48840157]
[-82.31644998]
[-82.14297844]
[-81.9473735]
[-81.83670493]
[-82.03125795]
[-82.04612382]
[-81.98242243]
[-81.79321207]
[-81.93360389]
[-82.00228797]
[-82.45096698]
[-82.44016983]
[-82.34999748]
[-82.43493747]
[-82.44069644]
[-82.45782989]
[-82.46446824]
[-82.31870213]
[-82.51630843]
[-82.31738609]
[-82.19976092]
[-82.12050177]
[-82.2535911]
[-82.26992604]
[-82.04820228]
[-82.12422954]
[-82.00148354]
[-81.96625628]
[-81.74646969]
[-82.02418843]
[-82.21801079]
[-82.30898148]
[-82.53836653]
[-82.33173923]
[-82.21611405]
[-82.24324647]
[-82.13335805]
[-82.1723455]
[-82.22573896]
[-82.13580451]
[-82.00518701]
[-82.11263126]
[-82.30704486]
[-82.62322134]
[-82.65186883]
[-82.41172472]
[-82.36615518]
[-82.0719861]
[-82.5078174]
[-82.45308201]
[-82.58163452]
[-82.64551516]
[-82.65397505]
[-82.46623071]
[-82.14433213]
[-82.25205402]
[-82.25117915]
[-82.40871832]
[-82.4456341]
[-82.21385734]
[-82.34792042]
[-82.43029869]
[-82.34058475]
[-82.07063085]
[-81.5187801]
[-81.5783583]
[-81.87065799]
[-81.94988914]
[-81.94656543]
[-82.10137328]
[-82.14691169]
[-82.16874337]
[-82.44128221]
[-82.65841594]
[-82.8044682]
[-82.66752259]
[-82.37245736]
[-82.08398746]
[-81.88424525]
[-82.13820016]
[-82.30393211]
[-82.24389164]
[-82.32650005]
[-82.2663118]
[-82.22744249]
[-82.26489817]
[-82.21796885]
[-82.27590277]
[-82.32240671]
[-82.16328783]
[-82.17287124]
[-82.15843332]
[-82.26976104]
[-81.89125383]
[-81.95025765]
[-81.86637666]
[-81.84322569]
[-81.94188891]
[-82.03409101]
[-81.97356646]
[-81.94125144]
[-81.94252274]
[-82.04096038]
[-81.94739379]
[-81.91614994]
[-81.99096119]
[-82.16861565]
[-82.24353561]
[-82.38071549]
[-82.24764872]
[-82.50638996]
[-82.46659777]
[-82.27310757]
[-82.52756868]
[-82.29877255]
[-82.10092717]
[-82.36063427]
[-82.13523475]
[-82.22879663]
[-82.12557245]
[-82.13278151]
[-82.25485113]
[-82.08770243]
[-82.20537563]
[-81.98388225]
[-81.94470688]
[-82.21040113]
[-82.10187122]
[-82.39453224]
[-82.50276841]
[-82.38183408]
[-82.38442807]
[-82.69051505]
[-82.45435141]
[-82.51652585]
[-82.2201562]
[-82.31824324]
[-82.13316801]
[-82.16085011]
[-82.02632416]
[-81.9816245]
[-81.93763198]
[-82.1273115]
[-82.20838059]
[-82.35980713]
[-82.28167984]
[-82.13953464]
[-81.85722759]
[-81.94733399]
[-81.95670239]
[-81.9385134]
[-82.16414161]
[-82.15192569]
[-81.89682312]
[-81.88773439]
[-81.8500231]
[-81.72969202]
[-82.00418955]
[-82.06087405]
[-82.02196051]
[-82.01730385]
[-82.13308435]
[-82.3141748]
[-82.13135199]
[-82.05894705]
[-81.82387756]
[-82.07744571]
[-81.95755749]
[-82.14271409]
[-82.02379016]
[-81.91239578]
[-81.58206988]
[-81.51674544]
[-81.64689393]
[-82.19290183]
[-82.20160568]
[-81.90310532]
[-82.07302529]
[-82.12163969]
[-82.130849]
[-82.31178221]
[-82.5039868]
[-82.59466672]
[-82.19052645]
[-82.06733237]
[-82.30267811]
[-82.21065704]
[-81.98665158]
[-81.96407929]
[-82.21628843]
[-82.12465433]
[-82.10667631]
[-82.17404254]
[-81.97857589]
[-81.86159781]
[-81.75769812]
[-81.76287706]
[-81.96075658]
[-82.13991958]
[-82.09689761]
[-82.15130849]
[-82.22419834]
[-82.35504753]
[-82.42701164]
[-82.01239883]
[-82.3549989]
[-82.54407921]
[-82.57080491]
[-82.43911292]
[-82.36058632]
[-82.19761229]
[-81.93387409]
[-82.01642936]
[-81.75746029]
[-81.7697659]
[-81.67509496]
[-81.92489684]
[-81.88894396]
[-82.0792871]
[-82.11563928]
[-82.22285949]
[-81.9293269]
[-81.97701375]
[-82.22074566]
[-82.27755031]
[-82.01512839]
[-82.04784838]
[-82.08628963]
[-82.08915673]
[-82.09088753]
[-81.89196233]
[-81.77192218]
[-81.84211227]
[-81.99021189]
[-82.23337382]
[-82.17667927]
[-82.23357346]
[-82.08535312]
[-82.14940141]
[-81.8292637]
[-81.99162127]
[-82.14394336]
[-81.88570809]
[-81.96757061]
[-81.93908336]
[-82.17465685]
[-82.09615895]
[-82.16946052]
[-82.11675433]
[-82.04079589]
[-81.99966521]
[-82.23086714]
[-82.1244373]
[-82.39239801]
[-82.35682648]
[-82.25216953]
[-82.1070232]
[-81.96885588]
[-81.81532335]
[-81.85898314]
[-82.13944932]
[-82.16063]
[-81.93351884]
[-81.89801967]
[-82.06377823]
[-81.92301724]
[-81.75142889]
[-81.51428747]
[-81.69068367]
[-82.03214039]
[-82.07778457]
[-82.17621976]
[-82.30894305]
[-82.36680032]
[-82.26213598]
[-82.06416388]
[-82.25350523]
[-82.28339746]
[-82.1352757]
[-82.14947384]
[-81.81362991]
[-81.90237772]
[-81.66985175]
[-81.88953272]
[-81.95322493]
[-81.99821521]
[-82.09155561]
[-82.02289809]
[-81.83602849]
[-82.03315943]
[-82.17405534]
[-82.09127309]
[-82.10327355]
[-82.16259283]
[-82.00605126]
[-81.92026754]
[-82.00585273]
[-82.40257051]
[-82.3655671]
[-82.40828385]
[-82.35348906]
[-82.43774803]
[-82.37486465]
[-82.20063997]
[-81.90528703]
[-81.97438495]
[-82.11517909]
[-82.06772051]
[-82.05242188]
[-82.01629972]
[-81.91559413]
[-81.86013149]
[-81.8178926]
[-81.9839565]
[-81.968441]
[-82.04452844]
[-82.3918194]
[-82.21607046]
[-82.17439781]
[-82.2639576]
[-82.16102057]
[-82.15495561]
[-82.05178137]
[-82.16786172]
[-82.29731669]
[-82.41259674]
[-82.15317659]
[-82.10496864]
[-82.23619974]
[-82.04587882]
[-81.94752816]
[-82.13850158]
[-82.15334348]
[-81.93912726]
[-82.09989687]
[-82.17145789]
[-81.73941095]
[-81.65114498]
[-82.0693813]
[-82.17123259]
[-82.18996279]
[-82.29968083]
[-82.38439133]
[-82.27274527]
[-82.17605923]
[-82.32149668]
[-82.47394517]
[-82.41782658]
[-82.32576802]
[-82.37443368]
[-82.31784278]
[-82.12195588]
[-81.929227]
[-81.95657191]
[-82.04577523]
[-82.06572839]
[-82.13668628]
[-82.42194035]
[-82.68364369]
[-82.38943589]
[-82.27032041]
[-82.54151841]
[-82.21882408]
[-82.30782727]
[-82.12968653]
[-82.31181474]
[-82.64567376]
[-82.53244909]
[-82.00780454]
[-82.13854837]
[-82.18561922]
[-82.23700119]
[-82.1515278]
[-82.10489356]
[-82.02626583]
[-82.10590876]
[-81.90390514]
[-81.67594883]
[-82.10919629]
[-81.96822281]
[-82.11908452]
[-82.06509927]
[-81.99056273]
[-82.20277275]
[-82.10705783]
[-81.93711136]
[-81.96612775]
[-82.2780276]
[-82.29755175]
[-82.12703007]
[-82.30737181]
[-82.48381864]
[-82.41392423]
[-82.12927125]
[-81.98897893]
[-81.94840151]
[-81.76618762]
[-81.95194781]
[-82.15850629]
[-82.16780334]
[-82.13212557]
[-82.06544114]
[-82.00805221]
[-82.08103034]
[-81.93789413]
[-82.14832502]
[-82.05691013]
[-82.1987437]
[-82.0347207]
[-81.99146267]
[-81.98659223]
[-81.96637018]
[-81.83511958]
[-81.65119497]
[-81.85697773]
[-81.97510538]
[-82.20622584]
[-82.58558244]
[-82.40899044]
[-82.38483775]
[-82.35297497]
[-82.01737433]
[-82.13174897]
[-82.05080903]
[-82.04017218]
[-82.25761535]
[-82.28424877]
[-82.14663005]
[-82.40626699]
[-82.28104583]
[-81.93050424]
[-81.89231746]
[-82.02466454]
[-81.91526311]
[-82.06477896]
[-82.28569907]
[-82.25145423]
[-82.09546191]
[-82.30743674]
[-82.27952642]
[-82.33916375]
[-82.49416425]
[-82.29202814]
[-82.12620813]
[-82.2909024]
[-82.10531053]
[-81.70488549]
[-81.87745635]
[-81.87758226]
[-81.77815436]
[-81.67884195]
[-81.78899655]
[-81.96128366]
[-82.21163286]
[-82.00854681]
[-82.28259138]
[-82.23994413]
[-82.27134183]
[-82.01166702]
[-82.0883713]
[-81.7452557]
[-81.67319301]
[-81.9819184]
[-82.14084816]
[-82.00923379]
[-82.07022368]
[-82.06289456]
[-82.32600878]
[-82.06406996]
[-82.07972538]
[-82.18165897]
[-82.07896209]
[-82.05065506]
[-82.08507288]
[-81.95779705]
[-82.14707946]
[-82.1453217]
[-82.27178352]
[-82.11921069]
[-81.87569837]
[-81.94751482]
[-82.21899885]
[-82.29481472]
[-82.26385997]
[-82.36486397]
[-81.94934955]
[-82.11028843]
[-82.17186076]
[-81.90777275]
[-82.00587232]
[-82.10858966]
[-82.2929468]
[-82.41070231]
[-82.32711374]
[-82.41160285]
[-82.2200625]
[-82.42695052]
[-82.56425068]
[-82.37566828]
[-82.51687621]
[-82.24769113]
[-81.96837386]
[-82.17322629]
[-82.1965208]
[-82.05712998]
[-81.8277282]
[-81.63209726]
[-81.96936843]
[-81.92505323]
[-82.07333375]
[-82.14020113]
[-82.09291163]
[-82.32055289]
[-82.49441378]
[-82.20796975]
[-82.14052794]
[-82.06311392]
[-82.17008073]
[-82.30304672]
[-82.10988445]
[-82.01641872]
[-82.02658211]
[-82.10168331]
[-81.8534665]
[-81.89998462]
[-82.12983142]
[-82.03261038]
[-82.28358839]
[-82.02601987]
[-81.82276893]
[-82.1018974]
[-81.99142207]
[-82.07424488]
[-82.09860704]
[-82.07027831]
[-82.1767103]
[-81.96139677]
[-82.10223789]
[-82.35723426]
[-82.58355906]
[-82.52215771]
[-82.07475903]
[-81.89584863]
[-82.18723954]
[-82.39517129]
[-82.52623564]
[-82.47759439]
[-82.55723288]
[-82.50290587]
[-82.64225543]
[-82.55655677]
[-82.02802914]
[-82.16901885]
[-82.01494489]
[-82.08600454]
[-81.75648392]
[-81.81027209]
[-82.00516612]
[-82.07200319]
[-82.32887904]
[-82.12844856]
[-82.06246994]
[-82.00955359]
[-82.25009249]
[-82.29843125]
[-82.52351123]
[-82.50098629]
[-82.37281443]
[-82.24186492]
[-82.17998107]
[-81.95552293]
[-81.99403615]
[-81.86192024]
[-81.91197662]
[-81.8739858]
[-82.07773527]
[-82.24507113]
[-82.13444065]
[-82.04216003]
[-82.10011014]
[-82.17493772]
[-82.16465849]
[-82.22140613]
[-82.15817202]
[-82.29900199]
[-82.14735975]
[-82.24877861]
[-82.12866598]
[-82.03141379]
[-82.07847817]
[-82.3159194]
[-82.24652692]
[-81.85967422]
[-81.97601818]
[-82.06022333]
[-82.23950487]
[-82.12066152]
[-82.078634]
[-82.28680038]
[-82.33717296]
[-82.08290397]
[-82.08382712]
[-81.98071208]
[-82.08833772]
[-82.0068965]
[-81.74998922]
[-82.05216525]
[-82.39536267]
[-82.25895776]
[-82.39183835]
[-82.13627725]
[-82.11947103]
[-82.29286015]
[-82.44668828]
[-82.56479331]
[-82.23786809]
[-82.37857653]
[-82.11640424]
[-82.2063549]
[-82.46561814]
[-82.83483161]
[-82.84889812]
[-82.67283731]
[-82.72322732]
[-82.50181537]
[-82.44121058]
[-82.41180664]
[-82.28150145]
[-81.90955767]
[-81.93531931]
[-82.04294212]
[-82.43777109]
[-82.51090138]
[-82.49927298]
[-82.27307033]
[-82.30412395]
[-82.26163134]
[-82.27220285]
[-82.45441162]
[-82.509107]
[-82.40192984]
[-82.39188643]
[-82.35123655]
[-82.42932617]
[-82.28635791]
[-82.39871461]
[-82.42799657]
[-82.37271739]
[-82.02965471]
[-81.92901186]
[-81.91189341]
[-81.92937712]
[-82.05276176]
[-81.94137828]
[-82.04128071]
[-82.3587783]
[-82.09146742]
[-82.3396907]
[-82.34307272]
[-82.38181509]
[-82.24819792]
[-82.15990911]
[-82.52636209]
[-82.31631644]
[-82.0026357]
[-81.93681515]
[-82.04077045]
[-81.9651677]
[-82.05106684]
[-82.05669612]
[-82.07550423]
[-82.17626015]
[-82.16061271]
[-82.45165034]
[-82.46577001]
[-82.50781804]
[-82.2881947]
[-82.22451637]
[-82.4305608]
[-82.40239785]
[-82.26256753]
[-82.25068532]
[-82.00712719]
[-82.15411621]
[-82.19786593]
[-82.08328247]
[-82.20107574]
[-82.07104652]
[-82.31494238]
[-81.89946216]
[-82.20454149]
[-82.04725134]
[-82.10562059]
[-82.03631319]
[-82.17202182]
[-82.18906056]
[-82.29437114]
[-82.07177352]
[-81.8041111]
[-81.9629779]
[-81.98156686]
[-81.88738776]
[-81.87186357]
[-81.73295996]
[-81.75404455]
[-81.81655254]
[-82.21306614]
[-82.05686579]
[-82.09154815]
[-82.03702169]
[-82.0074448]
[-81.97111387]
