[-71.32074906]
[-71.29090954]
[-71.70565334]
[-71.33303849]
[-71.48647772]
[-71.35677713]
[-71.28308136]
[-71.52138108]
[-71.41978358]
[-71.29249052]
[-71.61388739]
[-71.40872314]
[-71.48294139]
[-71.4167476]
[-71.47169526]
[-71.4268344]
[-71.74294769]
[-71.39734462]
[-71.44629084]
[-71.25623331]
[-71.48013132]
[-71.55399909]
[-71.6097905]
[-71.49175486]
[-71.65035741]
[-71.60126816]
[-71.51913075]
[-71.50709952]
[-71.44444848]
[-71.64757562]
[-71.31460956]
[-71.39646374]
[-71.57250785]
[-71.46157444]
[-71.62982161]
[-71.78045467]
[-71.63135434]
[-71.6013906]
[-71.460159]
[-71.37374901]
[-71.70295019]
[-71.54214371]
[-71.46944453]
[-71.36036027]
[-71.52637092]
[-71.55582417]
[-71.46176548]
[-71.51301291]
[-71.56262211]
[-71.50691767]
[-71.42034747]
[-71.35422408]
[-71.37298558]
[-71.70353077]
[-71.43444242]
[-71.39672786]
[-71.64025299]
[-71.3260733]
[-71.34272495]
[-71.38445786]
[-71.40210909]
[-71.45498087]
[-71.71109796]
[-71.48277474]
[-71.42421904]
[-71.59616012]
[-71.44204315]
[-71.73065292]
[-71.45239894]
[-71.56102891]
[-71.41101394]
[-71.4452428]
[-71.64998903]
[-71.48366372]
[-71.39709086]
[-71.38827523]
[-71.33037413]
[-71.48741005]
[-71.44864883]
[-71.55621717]
[-71.56095916]
[-71.4998421]
[-71.46849161]
[-71.62177129]
[-71.5310117]
[-71.47430185]
[-71.50553303]
[-71.57322534]
[-71.47670387]
[-71.60989625]
[-71.49096413]
[-71.66135974]
[-71.49606226]
[-71.46268888]
[-71.45811114]
[-71.41038237]
[-71.44174965]
[-71.28651847]
[-71.40564009]
[-71.38006114]
[-71.52921764]
[-71.5668307]
[-71.45157553]
[-71.49266607]
[-71.58528061]
[-71.39537711]
[-71.44323509]
[-71.33009646]
[-71.38834559]
[-71.43145441]
[-71.54564604]
[-71.3915383]
[-71.40366065]
[-71.53789637]
[-71.57276804]
[-71.68512698]
[-71.45059589]
[-71.52208249]
[-71.46712094]
[-71.51618168]
[-71.49552311]
[-71.49202578]
[-71.57065519]
[-71.42989851]
[-71.54165936]
[-71.45897055]
[-71.58613415]
[-71.50595077]
[-71.3966262]
[-71.56361551]
[-71.57870319]
[-71.34893457]
[-71.40001933]
[-71.63215255]
[-71.59781037]
[-71.429475]
[-71.59141916]
[-71.6953644]
[-71.45467148]
[-71.52341969]
[-71.5540988]
[-71.39785626]
[-71.60184403]
[-71.60387122]
[-71.53498152]
[-71.3595808]
[-71.44429479]
[-71.40051995]
[-71.53131665]
[-71.70899474]
[-71.48467348]
[-71.66186366]
[-71.50454401]
[-71.49291486]
[-71.78180827]
[-71.50074807]
[-71.60002769]
[-71.59282072]
[-71.56750326]
[-71.53161735]
[-71.40674316]
[-71.49227969]
[-71.43880442]
[-71.66265282]
[-71.48460278]
[-71.51680784]
[-71.25609943]
[-71.38606803]
[-71.42649667]
[-71.39496134]
[-71.24458895]
[-71.4041031]
[-71.46869572]
[-71.5831422]
[-71.6015094]
[-71.48548089]
[-71.58516144]
[-71.53572543]
[-71.34297417]
[-71.48666978]
[-71.32897365]
[-71.5683096]
[-71.50890165]
[-71.3569886]
[-71.49387692]
[-71.56552563]
[-71.61019504]
[-71.2954577]
[-71.35863169]
[-71.43770844]
[-71.61590147]
[-71.55330194]
[-71.41044154]
[-71.55757185]
[-71.5904071]
[-71.39761488]
[-71.4923533]
[-71.58400997]
[-71.37693375]
[-71.62199985]
[-71.52299634]
[-71.54059622]
[-71.49589574]
[-71.52420933]
[-71.53083086]
[-71.47413447]
[-71.45404486]
[-71.47552601]
[-71.6077175]
[-71.36415266]
[-71.46571155]
[-71.4159274]
[-71.44649148]
[-71.56282854]
[-71.47467614]
[-71.42536163]
[-71.41344472]
[-71.55722289]
[-71.41936162]
[-71.4216655]
[-71.52437193]
[-71.3008645]
[-71.528166]
[-71.50350459]
[-71.44281431]
[-71.5834044]
[-71.39884039]
[-71.55437662]
[-71.64396107]
[-71.50123246]
[-71.66909641]
[-71.55165057]
[-71.64504733]
[-71.52454901]
[-71.46242984]
[-71.55071188]
[-71.58781003]
[-71.48740739]
[-71.46382348]
[-71.51643448]
[-71.34225347]
[-71.51955829]
[-71.29306626]
[-71.47053573]
[-71.55539724]
[-71.51683214]
[-71.60572119]
[-71.53754884]
[-71.56247099]
[-71.43408953]
[-71.53521435]
[-71.57340352]
[-71.48652117]
[-71.40025392]
[-71.54384195]
[-71.55352553]
[-71.51849584]
[-71.52169651]
[-71.48297572]
[-71.47423311]
[-71.54954963]
[-71.48860606]
[-71.47217228]
[-71.62763242]
[-71.34783306]
[-71.41667075]
[-71.22674288]
[-71.33494524]
[-71.48224488]
[-71.41507392]
[-71.71976415]
[-71.80251584]
[-71.33219115]
[-71.68197858]
[-71.394695]
[-71.39465462]
[-71.52791945]
[-71.2836922]
[-71.3992262]
[-71.35660723]
[-71.38365245]
[-71.57943128]
[-71.48172844]
[-71.59105262]
[-71.55471315]
[-71.41006686]
[-71.59777422]
[-71.53893556]
[-71.55421092]
[-71.30074954]
[-71.2635503]
[-71.30367758]
[-71.37376318]
[-71.48329007]
[-71.62350483]
[-71.29736846]
[-71.28332127]
[-71.56870673]
[-71.51418998]
[-71.3877122]
[-71.41782795]
[-71.38918185]
[-71.43167322]
[-71.42301745]
[-71.45229829]
[-71.46850699]
[-71.30941765]
[-71.29467155]
[-71.58180348]
[-71.54824396]
[-71.63600477]
[-71.37880291]
[-71.60261267]
[-71.54795518]
[-71.55848421]
[-71.3547651]
[-71.38911253]
[-71.34816241]
[-71.61614886]
[-71.41911886]
[-71.55248495]
[-71.65412806]
[-71.42894983]
[-71.30594895]
[-71.51205098]
[-71.51747648]
[-71.48858413]
[-71.548917]
[-71.61960227]
[-71.37736937]
[-71.44003515]
[-71.39613739]
[-71.82293877]
[-71.40617162]
[-71.40606252]
[-71.44300891]
[-71.32223693]
[-71.29049582]
[-71.43897403]
[-71.36422989]
[-71.31059821]
[-71.59923057]
[-71.56127835]
[-71.63127776]
[-71.43911133]
[-71.47513729]
[-71.45790821]
[-71.41009798]
[-71.49584938]
[-71.31416132]
[-71.5976075]
[-71.5589191]
[-71.47790637]
[-71.52028272]
[-71.48417695]
[-72.07615692]
[-71.70465548]
[-71.78634693]
[-71.58849665]
[-71.45050795]
[-71.50238749]
[-71.74876847]
[-71.47009935]
[-71.36698962]
[-71.52965202]
[-71.59768393]
[-71.51855348]
[-71.40348747]
[-71.40934872]
[-71.4367281]
[-71.42031167]
[-71.29644939]
[-71.49170582]
[-71.45543516]
[-71.50718696]
[-71.48648775]
[-71.71890518]
[-71.57724124]
[-71.44483326]
[-71.77144968]
[-71.39154183]
[-71.71191957]
[-71.71215661]
[-71.49046441]
[-71.61141152]
[-71.55683243]
[-71.50038195]
[-71.47882626]
[-71.63191722]
[-71.45242911]
[-71.32550519]
[-71.21351145]
[-71.35084314]
[-71.39954277]
[-71.44452675]
[-71.38654406]
[-71.54227764]
[-71.46360717]
[-71.4598393]
[-71.6354751]
[-71.53056154]
[-71.42756842]
[-71.64388264]
[-71.51134207]
[-71.49919111]
[-71.3930958]
[-71.54834472]
[-71.49614021]
[-71.40523681]
[-71.23173494]
[-71.53309809]
[-71.20452824]
[-71.24613808]
[-71.45194706]
[-71.46094524]
[-71.66908726]
[-71.50672635]
[-71.54732764]
[-71.55288029]
[-71.6086525]
[-71.43460422]
[-71.60308091]
[-71.56346202]
[-71.37309243]
[-71.51562899]
[-71.39519622]
[-71.71922305]
[-71.39748221]
[-71.55786986]
[-71.34949489]
[-71.34634944]
[-71.38800509]
[-71.35330015]
[-71.56625137]
[-71.37722708]
[-71.61121302]
[-71.38791192]
[-71.69563073]
[-71.6238296]
[-71.31832423]
[-71.68731834]
[-71.45617187]
[-71.62692974]
[-71.66999483]
[-71.59921424]
[-71.41660546]
[-71.5442113]
[-71.39203525]
[-71.34752851]
[-71.227406]
[-71.42641883]
[-71.50974241]
[-71.42391519]
[-71.51666247]
[-71.42108103]
[-71.47194521]
[-71.60906174]
[-71.23124979]
[-71.44113266]
[-71.3789467]
[-71.30230477]
[-71.45018335]
[-71.37831427]
[-71.51085522]
[-71.41459227]
[-71.5750813]
[-71.87554387]
[-71.54615429]
[-71.30229498]
[-71.35827661]
[-71.46563565]
[-71.47671461]
[-71.69293609]
[-71.56198313]
[-71.48547032]
[-71.37282915]
[-71.36220451]
[-71.37198214]
[-71.35187221]
[-71.48422206]
[-71.6217624]
[-71.64804045]
[-71.58033971]
[-71.46549988]
[-71.61421415]
[-71.35731984]
[-71.54710461]
[-71.52881448]
[-71.5338708]
[-71.56480424]
[-71.41737792]
[-71.52012914]
[-71.50118192]
[-71.46598122]
[-71.25417099]
[-71.33919784]
[-71.32777114]
[-71.65621566]
[-71.4195263]
[-71.3305943]
[-71.38885744]
[-71.27834853]
[-71.65817708]
[-71.29899863]
[-71.40794232]
[-71.5075018]
[-71.66698541]
[-71.29457979]
[-71.53939784]
[-71.45123261]
[-71.59841893]
[-71.63868376]
[-71.51757566]
[-71.34582695]
[-71.64488972]
[-71.58267044]
[-71.5433804]
[-71.33412578]
[-71.51970724]
[-71.46536069]
[-71.62325073]
[-71.50647643]
[-71.57310288]
[-71.44831376]
[-71.51476622]
[-71.3663123]
[-71.53199025]
[-71.38350696]
[-71.56638299]
[-71.23233537]
[-71.27414617]
[-71.41635075]
[-71.41688348]
[-71.39588381]
[-71.57102767]
[-71.39843541]
[-71.52968151]
[-71.49005722]
[-71.60410277]
[-71.5194616]
[-71.63761599]
[-71.4825378]
[-71.52925488]
[-71.33880958]
[-71.47610907]
[-71.52439408]
[-71.52315059]
[-71.650138]
[-71.40445016]
[-71.46481928]
[-71.54823199]
[-71.33662497]
[-71.32384043]
[-71.37904341]
[-71.44337386]
[-71.50650593]
[-71.44488049]
[-71.50388759]
[-71.45590497]
[-71.47544691]
[-71.41156499]
[-71.56859764]
[-71.50234828]
[-71.5108661]
[-71.47026941]
[-71.4896047]
[-71.60263258]
[-71.46589202]
[-71.41545013]
[-71.39137]
[-71.5654798]
[-71.63012583]
[-71.6151354]
[-71.4764424]
[-71.45996281]
[-71.46233311]
[-71.33802687]
[-71.54392406]
[-71.39268419]
[-71.59422765]
[-71.44774786]
[-71.43022114]
[-71.48476838]
[-71.46939326]
[-71.40785866]
[-71.60070362]
[-71.650733]
[-71.46073701]
[-71.48251359]
[-71.49912042]
[-71.32524456]
[-71.39312101]
[-71.43400259]
[-71.48551926]
[-71.53049579]
[-71.65482603]
[-71.30129075]
[-71.58746655]
[-71.61167056]
[-71.43978769]
[-71.54773544]
[-71.66281814]
[-71.61787146]
[-71.54286577]
[-71.59260248]
[-71.46958391]
[-71.50674464]
[-71.36493312]
[-71.49506365]
[-71.50847861]
[-71.58161115]
[-71.40944945]
[-71.48112219]
[-71.43724731]
[-71.45745767]
[-71.39350524]
[-71.75525306]
[-71.62414486]
[-71.6843441]
[-71.53547373]
[-71.49151196]
[-71.58126266]
[-71.45645949]
[-71.51754971]
[-71.39626247]
[-71.38092697]
[-71.41245695]
[-71.31154814]
[-71.36662335]
[-71.57055997]
[-71.40363303]
[-71.28617326]
[-71.49442999]
[-71.5782009]
[-71.57191557]
[-71.38816728]
[-71.52592861]
[-71.72925447]
[-71.63163906]
[-71.68683615]
[-71.63774551]
[-71.57755668]
[-71.2761877]
[-71.58525013]
[-71.53380417]
[-71.4076506]
[-71.31799925]
[-71.57171468]
[-71.49018927]
[-71.19812103]
[-71.24082757]
[-71.39548894]
[-71.64578554]
[-71.58412324]
[-71.43849308]
[-71.58754989]
[-71.8436113]
[-71.47658023]
[-71.56055305]
[-71.51686106]
[-71.52404285]
[-71.56920187]
[-71.33995801]
[-71.59098385]
[-71.42399923]
[-71.56831089]
[-71.63850795]
[-71.41660326]
[-71.48031663]
[-71.32609861]
[-71.40517958]
[-71.59016232]
[-71.5096509]
[-71.64872912]
[-71.50925354]
[-71.40049309]
[-71.39819759]
[-71.51001962]
[-71.54467646]
[-71.50807021]
[-71.49696935]
[-71.51273262]
[-71.63053977]
[-71.41514932]
[-71.58629665]
[-71.51672502]
[-71.43392818]
[-71.25620066]
[-71.54015907]
[-71.21691923]
[-71.40474385]
[-71.57524575]
[-71.9124448]
[-71.61785842]
[-71.5733227]
[-71.72224849]
[-71.6033898]
[-71.47475402]
[-71.46753815]
[-71.42345455]
[-71.30318627]
[-71.43543505]
[-71.46038902]
[-71.77020211]
[-71.71997676]
[-71.54106117]
[-71.49257978]
[-71.44393223]
[-71.48717004]
[-71.60360426]
[-71.72731838]
[-71.64018693]
[-71.51010077]
[-71.63404707]
[-71.57000383]
[-71.42916489]
[-71.37719458]
[-71.58526023]
[-71.4801721]
[-71.65198584]
[-71.46905366]
[-71.56849126]
[-71.5363016]
[-71.51332741]
[-71.50474432]
[-71.43421848]
[-71.4796946]
[-71.45338895]
[-71.51537042]
[-71.45801206]
[-71.31609036]
[-71.27427376]
[-71.46009685]
[-71.27640972]
[-71.51028523]
[-71.36082065]
[-71.5161745]
[-71.55866318]
[-71.4852905]
[-71.47761066]
[-71.16786336]
[-71.26639315]
[-71.52396125]
[-71.57547991]
[-71.5142218]
[-71.64268283]
[-71.60608643]
[-71.23808158]
[-71.58067626]
[-71.53453794]
[-71.54306905]
[-71.44416827]
[-71.65744901]
[-71.29748831]
[-71.31635493]
[-71.25811849]
[-71.30827704]
[-71.35204663]
[-71.39144011]
[-71.48109518]
[-71.36590269]
[-71.60765564]
[-71.57239619]
[-71.55845015]
[-71.55410537]
[-71.60184372]
[-71.26594816]
[-71.26107998]
[-71.39096923]
[-71.43772621]
[-71.32035886]
[-71.45287472]
[-71.55329905]
[-71.56368372]
[-71.49411996]
[-71.40001502]
[-71.51454081]
[-71.8628681]
[-71.4942449]
[-71.34944862]
[-71.43794657]
[-71.4631602]
[-71.33485345]
[-71.6980976]
[-71.42093024]
[-71.56571242]
[-71.45521199]
[-71.62490224]
[-71.49200879]
[-71.4424463]
[-71.36751795]
[-71.473925]
[-71.4569081]
[-71.68738969]
[-71.68140465]
[-71.44556109]
[-71.34377199]
[-71.57493816]
[-71.48286432]
[-71.58265818]
[-71.66550874]
[-71.41400864]
[-71.35334708]
[-71.25615895]
[-71.30164711]
[-71.23804231]
[-71.54034077]
[-71.51040139]
[-71.55133682]
[-71.54690955]
[-71.57675284]
[-71.42913486]
[-71.43948925]
[-71.57939014]
[-71.50237849]
[-71.36178059]
[-71.59945451]
[-71.5906053]
[-71.46957775]
[-71.46823177]
[-71.60136406]
[-71.51842271]
[-71.58966729]
[-71.66946625]
[-71.70343954]
[-71.68233799]
[-71.48804449]
[-71.45961851]
[-71.49762364]
[-71.44472724]
[-71.53078121]
[-71.53879358]
[-71.64979226]
[-71.59477132]
[-71.72496911]
[-71.45615263]
[-71.44513869]
[-71.69680277]
[-71.66626547]
[-71.56618495]
[-71.40659046]
[-71.41134879]
[-71.51967845]
[-71.35941864]
[-71.50050104]
[-71.47005377]
[-71.50350282]
[-71.47165324]
[-71.7650353]
[-71.57210838]
[-71.48253211]
[-71.57537005]
[-71.48922658]
[-71.54452805]
[-71.49725332]
[-71.69813518]
[-71.64162044]
[-71.60441622]
[-71.38021068]
[-71.64775369]
[-71.45872589]
[-71.91780301]
[-71.6947414]
[-71.73695313]
[-71.49393521]
[-71.57087705]
[-72.04943778]
[-71.64226967]
[-71.51294007]
[-71.43210057]
[-71.67068157]
[-71.42527308]
[-71.45535111]
[-71.50350605]
[-71.52985079]
[-71.47003002]
[-71.42708126]
[-71.54351994]
[-71.74421877]
[-71.50789352]
[-71.49819501]
[-71.55111028]
[-71.59171662]
[-71.55987073]
[-71.56447369]
[-71.54206349]
[-71.51637246]
[-71.34638594]
[-71.54341375]
[-71.54996541]
[-71.35109866]
[-71.43330288]
[-71.47503587]
[-71.4466024]
[-71.49538839]
[-71.62391876]
[-71.33569187]
[-71.48882258]
[-71.55944032]
[-71.60636544]
[-71.48219871]
[-71.39219768]
[-71.53579833]
[-71.40048852]
[-71.48164594]
[-71.49011471]
[-71.21915776]
[-71.40305968]
[-71.68588112]
[-71.46118583]
[-71.46884741]
[-71.43337858]
[-71.56904394]
[-71.5216915]
[-71.40834066]
[-71.35871406]
[-71.43682439]
[-71.40981681]
[-71.51227405]
[-71.45963127]
[-71.423129]
[-71.49042683]
[-71.39583156]
[-71.46266214]
[-71.44168067]
[-71.4322088]
[-71.62745979]
[-71.51834701]
[-71.55824328]
[-71.44257366]
[-71.46091067]
[-71.50677446]
[-71.38323051]
[-71.54709727]
[-71.2637483]
[-71.29476284]
[-71.35822391]
[-71.55720063]
[-71.63492721]
[-71.5569675]
[-71.45948593]
[-71.47154988]
[-71.63270168]
[-71.56195287]
[-71.52306466]
[-71.64557597]
[-71.47647595]
[-71.5105663]
[-71.48290916]
[-71.44271729]
[-71.53695677]
[-71.5939033]
[-71.53574307]
[-71.5212079]
[-71.46331285]
[-71.78391196]
[-71.52514429]
[-71.56258707]
[-71.52490107]
[-71.72766176]
[-71.53128696]
[-71.51525435]
[-71.57011891]
[-71.4565391]
[-71.50797847]
[-71.55123327]
[-71.41382322]
[-71.42319076]
[-71.55934419]
[-71.51414004]
[-71.3877815]
[-71.39416324]
[-71.55780299]
[-71.42431496]
[-71.52301274]
[-71.54559799]
[-71.39562874]
[-71.33723298]
[-71.51050525]
[-71.66629133]
[-71.46254082]
[-71.51486173]
[-71.4116998]
[-71.454046]
[-71.41220288]
[-71.38488303]
[-71.37093078]
[-71.49491542]
[-71.51028304]
[-71.63766811]
[-71.52013621]
[-71.53039898]
[-71.51035577]
[-71.67912013]
[-71.65305516]
[-71.3981424]
[-71.48157994]
[-71.57013382]
[-71.50189331]
[-71.55611833]
[-71.30201353]
[-71.45766191]
[-71.48513513]
[-71.45380737]
[-71.41930107]
[-71.41004112]
[-71.68831676]
[-71.49356172]
[-71.52193381]
[-71.67868088]
[-71.46216993]
[-71.49447615]
[-71.40766092]
[-71.35483499]
[-71.4305156]
[-71.39169417]
[-71.54962111]
[-71.54088515]
[-71.28025669]
[-71.35859542]
[-71.53330522]
[-71.41598353]
[-71.2952889]
[-71.32500351]
[-71.54876257]
[-71.51025223]
[-71.39440363]
[-71.25362978]
[-71.37741926]
[-71.45237943]
[-71.54748316]
[-71.29423407]
[-71.47153332]
[-71.45703404]
[-71.42071515]
[-71.46837095]
[-71.44305441]
[-71.2970609]
[-71.5006322]
[-71.62913118]
[-71.55110764]
[-71.42524008]
[-71.43275558]
[-71.45862814]
[-71.57138752]
[-71.47654929]
[-71.49747359]
[-71.39642998]
[-71.32782726]
[-71.70226187]
[-71.32527346]
[-71.51389921]
[-71.56937604]
[-71.37182893]
[-71.52603084]
[-71.41043686]
[-71.31241427]
[-71.54453101]
[-71.53022279]
[-71.50956346]
[-71.44958894]
[-71.42773163]
[-71.43385216]
[-71.42295109]
[-71.4931565]
[-71.65824587]
[-71.56044894]
[-71.53299681]
[-71.53504517]
[-71.52682134]
[-71.46682815]
[-71.57712906]
[-71.55265617]
[-71.52494114]
[-71.70860402]
[-71.55719079]
[-71.59510219]
[-71.33871977]
[-71.43572406]
[-71.52122368]
[-71.42335453]
[-71.60725953]
[-71.28440286]
[-71.41745024]
[-71.28784453]
[-71.50753579]
[-71.63272023]
[-71.56247161]
[-71.42562417]
[-71.38731221]
[-71.42525068]
[-71.59476345]
[-71.64247457]
[-71.64337016]
[-71.56547318]
[-71.3783375]
[-71.42576603]
[-71.51454028]
[-71.43050186]
[-71.53097242]
[-71.49095703]
[-71.44679222]
[-71.49056894]
[-71.29585951]
[-71.63092891]
[-71.56111944]
[-71.58142311]
[-71.47757069]
[-71.45336382]
[-71.34487385]
[-71.40727357]
[-71.48304034]
[-71.65733679]
[-71.43116148]
[-71.4720674]
[-71.66074813]
[-71.36811497]
[-71.47022189]
[-71.5536735]
[-71.48450441]
[-71.53123073]
[-71.50896848]
[-71.45224085]
[-71.49022803]
[-71.48981036]
[-71.24676816]
[-71.37278151]
[-71.47896503]
[-71.51064069]
[-71.33769923]
[-71.41646603]
[-71.56726769]
[-71.48512076]
[-71.50994867]
[-71.42000814]
[-71.43690766]
[-71.64496888]
[-71.40304945]
[-71.58951482]
[-71.40161354]
[-71.47919864]
[-71.41211522]
[-71.32534282]
[-71.40330754]
[-71.54903363]
[-71.6733409]
[-71.65842043]
[-71.47747617]
[-71.57831726]
[-71.35573391]
[-71.29145314]
[-71.38687315]
[-71.57545699]
[-71.44708994]
[-71.41720381]
[-71.57259613]
[-71.56241723]
[-71.26456664]
[-71.25140034]
[-71.3822036]
[-71.37875701]
[-71.38507385]
[-71.46332727]
[-71.62208258]
[-71.46290365]
[-71.41597894]
[-71.60760929]
[-71.58054809]
[-71.50073543]
[-71.38071616]
[-71.47073903]
[-71.50029221]
[-71.65497049]
[-71.44561892]
[-71.62544029]
[-71.43403218]
[-71.65783569]
[-71.37801765]
[-71.50880304]
[-71.55555704]
[-71.50071412]
[-71.49842205]
[-71.70895172]
[-71.5479741]
[-71.49803209]
[-71.45614086]
[-71.51085648]
[-71.38983747]
[-71.47509502]
[-71.32642107]
[-71.29468652]
[-71.50039841]
[-71.38445006]
[-71.69821627]
[-71.67636121]
[-71.54454198]
[-71.4739847]
[-71.56348612]
[-71.59259833]
[-71.59932537]
