[-78.50160089]
[-78.24381173]
[-78.30398294]
[-78.43497996]
[-78.35358471]
[-78.52074835]
[-78.64560688]
[-78.63171354]
[-78.46840271]
[-78.60883585]
[-78.52587454]
[-78.5225716]
[-78.31503066]
[-78.28900892]
[-78.50825943]
[-78.51603419]
[-78.24526666]
[-78.40956317]
[-78.62450513]
[-78.29222272]
[-78.31686904]
[-78.1509542]
[-78.32135727]
[-78.41489333]
[-78.32640096]
[-78.37210862]
[-78.0475924]
[-78.25677536]
[-78.48979042]
[-78.50015231]
[-78.19005823]
[-78.33605594]
[-78.64505673]
[-78.56838064]
[-78.42290189]
[-78.46827634]
[-78.54095642]
[-78.5698214]
[-78.58670074]
[-78.57657602]
[-78.71610428]
[-78.74290777]
[-78.80049542]
[-78.72215758]
[-78.62679736]
[-78.50159533]
[-78.57369233]
[-78.42173183]
[-78.40671122]
[-78.36988424]
[-78.4095425]
[-78.4394363]
[-78.5384065]
[-78.46932048]
[-78.5553894]
[-78.40633022]
[-78.38579449]
[-78.3877319]
[-78.45683357]
[-78.6422565]
[-78.59693428]
[-78.5385147]
[-78.46649751]
[-78.34319358]
[-78.43364548]
[-78.38096014]
[-78.63741332]
[-78.49471645]
[-78.34106958]
[-78.70704491]
[-78.68217714]
[-78.61974781]
[-78.73099881]
[-78.8465491]
[-78.96705525]
[-78.41107835]
[-78.59035537]
[-78.33627953]
[-78.45091913]
[-78.25510515]
[-78.2749612]
[-78.51540978]
[-78.38564867]
[-78.45038738]
[-78.69440238]
[-78.57207519]
[-78.44168688]
[-78.48684733]
[-78.59255437]
[-78.6372975]
[-78.62436088]
[-78.70812225]
[-78.44288097]
[-78.45632296]
[-78.33362665]
[-78.69923567]
[-78.78433609]
[-78.45293449]
[-78.50020048]
[-78.42912591]
[-78.53299413]
[-78.57432299]
[-78.48084527]
[-78.42942496]
[-78.44798624]
[-78.31224475]
[-78.51424068]
[-78.48181077]
[-78.88738607]
[-78.76015753]
[-78.73217416]
[-78.43512251]
[-78.53498369]
[-78.40262416]
[-78.26564558]
[-78.55869451]
[-78.51524559]
[-78.65882376]
[-78.47355345]
[-78.59801052]
[-78.45090115]
[-78.55872481]
[-78.41828833]
[-78.51285785]
[-78.47354104]
[-78.48559562]
[-78.37464482]
[-78.45433311]
[-78.3072313]
[-78.6830487]
[-78.43776239]
[-78.64128721]
[-78.52715235]
[-78.66686518]
[-78.60804363]
[-78.32629714]
[-78.45591007]
[-78.48729766]
[-78.5492978]
[-78.38631205]
[-78.48829064]
[-78.25746043]
[-78.57550943]
[-78.35118867]
[-78.5590092]
[-78.47684874]
[-78.50611612]
[-78.35005624]
[-78.42655227]
[-78.45183278]
[-78.32510767]
[-78.49132853]
[-78.50616693]
[-78.3861654]
[-78.25794821]
[-78.51961638]
[-78.42328506]
[-78.39386171]
[-78.37568546]
[-78.39464451]
[-78.4641647]
[-78.52369595]
[-78.33316546]
[-78.4912659]
[-78.71109195]
[-78.28383121]
[-78.30037533]
[-78.33160485]
[-78.64087042]
[-78.52803424]
[-78.60126304]
[-78.54942907]
[-78.71780509]
[-78.48465779]
[-78.60152891]
[-78.33502123]
[-78.43745905]
[-78.59104364]
[-78.29114129]
[-78.41396485]
[-78.28177565]
[-78.50201905]
[-78.28268524]
[-78.3502148]
[-78.41484684]
[-78.3795104]
[-78.28998272]
[-78.36259879]
[-78.58102501]
[-78.49318155]
[-78.50688588]
[-78.52184536]
[-78.64328132]
[-78.52526628]
[-78.41357944]
[-78.32592795]
[-78.23967922]
[-78.31076067]
[-78.46103139]
[-78.30502867]
[-78.39648849]
[-78.3559815]
[-78.43723376]
[-78.38865814]
[-78.4060799]
[-78.41942619]
[-78.58036601]
[-78.50349978]
[-78.50645092]
[-78.28102145]
[-78.40754944]
[-78.44868229]
[-78.39693711]
[-78.31777339]
[-78.49513359]
[-78.33984652]
[-78.51077533]
[-78.27134854]
[-78.40559567]
[-78.47522085]
[-78.59477629]
[-78.52217609]
[-78.49035061]
[-78.52721966]
[-78.61953663]
[-78.56957126]
[-78.35609125]
[-78.48263271]
[-78.26143155]
[-78.29946703]
[-78.18138662]
[-78.36154207]
[-78.29165962]
[-78.33059573]
[-78.25158167]
[-78.32091636]
[-78.37715326]
[-78.52700814]
[-78.44930922]
[-78.46135946]
[-78.65244728]
[-78.62051813]
[-78.69572496]
[-78.61268028]
[-78.60185889]
[-78.75140226]
[-78.63554409]
[-78.61712731]
[-78.40119831]
[-78.36465218]
[-78.54344423]
[-78.40540031]
[-78.47203039]
[-78.40448898]
[-78.43941693]
[-78.40122751]
[-78.58064879]
[-78.38448456]
[-78.49217458]
[-78.48893166]
[-78.62148703]
[-78.55093957]
[-78.63702498]
[-78.59258725]
[-78.65652781]
[-78.51678876]
[-78.71040485]
[-78.51984496]
[-78.44088995]
[-78.42409217]
[-78.46212208]
[-78.51908287]
[-78.35616975]
[-78.27636665]
[-78.44677829]
[-78.55767759]
[-78.6270702]
[-78.62749346]
[-78.54295831]
[-78.51057347]
[-78.34508631]
[-78.54386838]
[-78.35712221]
[-78.56689952]
[-78.49797356]
[-78.57663593]
[-78.63802773]
[-78.33007645]
[-78.62967684]
[-78.79461305]
[-78.37917626]
[-78.50992259]
[-78.57795544]
[-78.55803641]
[-78.41279003]
[-78.57587305]
[-78.58515881]
[-78.46110462]
[-78.67724274]
[-78.65363289]
[-78.74684795]
[-78.61595929]
[-78.38480331]
[-78.3876566]
[-78.3640618]
[-78.33282284]
[-78.42159421]
[-78.2983116]
[-78.22952252]
[-78.31374975]
[-78.33396321]
[-78.46771778]
[-78.46913102]
[-78.47605837]
[-78.29459916]
[-78.46298382]
[-78.20859682]
[-78.54618486]
[-78.60588509]
[-78.53856209]
[-78.64719254]
[-78.66872025]
[-78.69822937]
[-78.40287632]
[-78.39901881]
[-78.43879935]
[-78.47301451]
[-78.42011934]
[-78.70765835]
[-78.36165803]
[-78.40996436]
[-78.56670508]
[-78.47483068]
[-78.55904037]
[-78.55712372]
[-78.45445726]
[-78.57788311]
[-78.5141614]
[-78.49022464]
[-78.43836047]
[-78.49416672]
[-78.41025981]
[-78.36976321]
[-78.35434841]
[-78.18724452]
[-78.29789052]
[-78.3180155]
[-78.43539112]
[-78.4301076]
[-78.47501484]
[-78.56577981]
[-78.4579893]
[-78.49654447]
[-78.35938791]
[-78.32418905]
[-78.48473442]
[-78.53523477]
[-78.74664863]
[-78.74262302]
[-78.73360753]
[-78.45288249]
[-78.36589431]
[-78.55497158]
[-78.49134883]
[-78.37268274]
[-78.56890956]
[-78.34550505]
[-78.4183263]
[-78.48763109]
[-78.4488012]
[-78.59073526]
[-78.52231628]
[-78.39592979]
[-78.72355225]
[-78.48294925]
[-78.47601305]
[-78.61687593]
[-78.57900494]
[-78.63118694]
[-78.78048055]
[-78.72172589]
[-78.65148484]
[-78.42904673]
[-78.19944344]
[-78.38011723]
[-78.47601233]
[-78.3298508]
[-78.20187484]
[-78.18347276]
[-78.36518434]
[-78.46322972]
[-78.39472067]
[-78.52839042]
[-78.68872345]
[-78.62170117]
[-78.50693015]
[-78.59236201]
[-78.53113557]
[-78.6326864]
[-78.72689005]
[-78.79409828]
[-78.63370341]
[-78.50538345]
[-78.58507158]
[-78.4021997]
[-78.41222227]
[-78.39580623]
[-78.39587444]
[-78.28339103]
[-78.53015349]
[-78.35673592]
[-78.69444706]
[-78.61953077]
[-78.48610902]
[-78.55884138]
[-78.54578764]
[-78.64658175]
[-78.55045491]
[-78.62409737]
[-78.50609566]
[-78.73703868]
[-78.62244018]
[-78.46103142]
[-78.66970881]
[-78.58177153]
[-78.58527112]
[-78.57625353]
[-78.56885747]
[-78.80357409]
[-78.50141234]
[-78.70395227]
[-78.59135845]
[-78.6705096]
[-78.50839411]
[-78.64873372]
[-78.43062117]
[-78.47924866]
[-78.75882651]
[-78.5409283]
[-78.69940662]
[-78.71826936]
[-78.72791622]
[-78.63553379]
[-78.43163951]
[-78.50348901]
[-78.40485529]
[-78.37358005]
[-78.39658532]
[-78.40286575]
[-78.32516389]
[-78.35534094]
[-78.4924132]
[-78.41104424]
[-78.6128503]
[-78.39842866]
[-78.58679378]
[-78.48373652]
[-78.48145696]
[-78.62690107]
[-78.37525989]
[-78.21617523]
[-78.50212043]
[-78.35453876]
[-78.47069795]
[-78.38600307]
[-78.29589755]
[-78.33570544]
[-78.39018839]
[-78.42334571]
[-78.27142337]
[-78.38559752]
[-78.42458206]
[-78.68482878]
[-78.66097259]
[-78.80521822]
[-78.62722364]
[-78.5815018]
[-78.78648641]
[-78.70212156]
[-78.6699543]
[-78.54223264]
[-78.51008355]
[-78.53347317]
[-78.68086991]
[-78.57754403]
[-78.56205942]
[-78.61028528]
[-78.64297753]
[-78.44593077]
[-78.52377746]
[-78.4304629]
[-78.50785971]
[-78.55003905]
[-78.59107156]
[-78.44347127]
[-78.39438618]
[-78.40489844]
[-78.47381358]
[-78.5640315]
[-78.34522109]
[-78.58571964]
[-78.41963227]
[-78.4676101]
[-78.5991943]
[-78.67924268]
[-78.76710571]
[-78.60083835]
[-78.67364858]
[-78.48621104]
[-78.78000401]
[-78.71549112]
[-78.65934241]
[-78.33433975]
[-78.6066722]
[-78.59219446]
[-78.46741193]
[-78.50135035]
[-78.5451846]
[-78.48135681]
[-78.31613447]
[-78.43107741]
[-78.45115038]
[-78.46518485]
[-78.50221752]
[-78.51845973]
[-78.62070584]
[-78.76946021]
[-78.65206886]
[-78.76857388]
[-78.70146809]
[-78.56427735]
[-78.45224315]
[-78.4199759]
[-78.76968072]
[-78.72468078]
[-78.52163696]
[-78.62613986]
[-78.62374642]
[-78.74195458]
[-78.55879365]
[-78.63446163]
[-78.4537619]
[-78.42718916]
[-78.37955818]
[-78.39145265]
[-78.5399768]
[-78.72168743]
[-78.59033192]
[-78.66830105]
[-78.47335255]
[-78.67281529]
[-78.53444558]
[-78.35909939]
[-78.38834597]
[-78.36633783]
[-78.33169138]
[-78.42698642]
[-78.52764938]
[-78.51907388]
[-78.49257101]
[-78.55018949]
[-78.60598609]
[-78.72061986]
[-78.62640129]
[-78.66699105]
[-78.51941308]
[-78.45182779]
[-78.41114573]
[-78.57836377]
[-78.40490919]
[-78.38183604]
[-78.35090363]
[-78.22379572]
[-78.39959365]
[-78.54523779]
[-78.53706704]
[-78.39864492]
[-78.34788294]
[-78.5177285]
[-78.47437047]
[-78.43511981]
[-78.79269431]
[-78.55199151]
[-78.43633757]
[-78.52572515]
[-78.55807812]
[-78.46117728]
[-78.65487624]
[-78.62023941]
[-78.37410152]
[-78.56855085]
[-78.56975065]
[-78.54355105]
[-78.36519454]
[-78.59047584]
[-78.59371748]
[-78.47572822]
[-78.48021646]
[-78.40611652]
[-78.30567668]
[-78.2034588]
[-78.50601063]
[-78.35808176]
[-78.39753307]
[-78.45882778]
[-78.53525152]
[-78.6192109]
[-78.77680834]
[-78.86962068]
[-78.70997989]
[-78.73686368]
[-78.66395528]
[-78.64229972]
[-78.60622]
[-78.56892535]
[-78.40350724]
[-78.43871896]
[-78.69174324]
[-78.56941574]
[-78.40754865]
[-78.46044469]
[-78.55854245]
[-78.53207476]
[-78.81137719]
[-78.61460894]
[-78.49436524]
[-78.60609823]
[-78.1494752]
[-78.114362]
[-78.27281558]
[-78.55636215]
[-78.23365516]
[-78.32857474]
[-78.48149797]
[-78.59549279]
[-78.44190716]
[-78.62569032]
[-78.58027607]
[-78.54291823]
[-78.56798197]
[-78.69945718]
[-78.52408679]
[-78.60144618]
[-78.52743864]
[-78.4229933]
[-78.34161802]
[-78.24051695]
[-78.21701833]
[-78.32629888]
[-78.3449017]
[-78.39403485]
[-78.47309809]
[-78.48197694]
[-78.55576224]
[-78.41486244]
[-78.26080683]
[-78.6419847]
[-78.74449984]
[-78.59263965]
[-78.60481028]
[-78.42040612]
[-78.21231275]
[-78.49466093]
[-78.5272336]
[-78.42716403]
[-78.49508346]
[-78.28872191]
[-78.39829943]
[-78.35221832]
[-78.74644242]
[-78.68424093]
[-78.49787527]
[-78.51808307]
[-78.42822584]
[-78.46604224]
[-78.54100795]
[-78.67354282]
[-78.66576324]
[-78.5441288]
[-78.40506992]
[-78.65283455]
[-78.28424065]
[-78.23560713]
[-78.25723663]
[-78.20493168]
[-78.56595418]
[-78.55841815]
[-78.34988731]
[-78.50143984]
[-78.47339036]
[-78.45824513]
[-78.5686605]
[-78.65778679]
[-78.62606267]
[-78.54356555]
[-78.58821519]
[-78.64853272]
[-78.46059384]
[-78.67080127]
[-78.41836104]
[-78.41608008]
[-78.53298713]
[-78.30968411]
[-78.33057136]
[-78.57347303]
[-78.40405112]
[-78.41221316]
[-78.38152426]
[-78.53742758]
[-78.5854387]
[-78.57218248]
[-78.61088333]
[-78.61253666]
[-78.61249609]
[-78.45648186]
[-78.49215484]
[-78.24192688]
[-78.50307074]
[-78.73967513]
[-78.5348064]
[-78.39607463]
[-78.39430979]
[-78.27595917]
[-78.2944645]
[-78.27331201]
[-78.46262371]
[-78.54135484]
[-78.43543115]
[-78.5000855]
[-78.3403398]
[-78.50815577]
[-78.40120903]
[-78.41459048]
[-78.44497995]
[-78.31667071]
[-78.53756492]
[-78.45797475]
[-78.59974133]
[-78.38314942]
[-78.43442534]
[-78.36555626]
[-78.32041005]
[-78.61099709]
[-78.3902671]
[-78.44016416]
[-78.45336775]
[-78.6309166]
[-78.51753765]
[-78.23869139]
[-78.37033434]
[-78.22465473]
[-78.42090957]
[-78.57341401]
[-78.6267593]
[-78.48165284]
[-78.47437013]
[-78.48505011]
[-78.67275792]
[-78.61302129]
[-78.33594527]
[-78.470974]
[-78.58916812]
[-78.6535945]
[-78.41768376]
[-78.60258234]
[-78.55681474]
[-78.32422774]
[-78.4426772]
[-78.5686591]
[-78.23059615]
[-78.4699485]
[-78.59114991]
[-78.64758475]
[-78.40410354]
[-78.52466114]
[-78.50297]
[-78.25217895]
[-78.45644621]
[-78.61754217]
[-78.68142698]
[-78.68777238]
[-78.66401026]
[-78.72543552]
[-78.65923283]
[-78.54341699]
[-78.6409194]
[-78.61376185]
[-78.51393069]
[-78.82126959]
[-78.50931096]
[-78.63171924]
[-78.62919874]
[-78.64799826]
[-78.71923802]
[-78.71435078]
[-78.43067903]
[-78.21349862]
[-78.41213954]
[-78.42819558]
[-78.37823204]
[-78.50189456]
[-78.42578809]
[-78.56818132]
[-78.48847342]
[-78.634165]
[-78.690578]
[-78.39387606]
[-78.24484995]
[-78.26944092]
[-78.1299587]
[-78.24060923]
[-78.39576445]
[-78.42884096]
[-78.54167099]
[-78.2867626]
[-78.71349277]
[-78.60535234]
[-78.71707673]
[-78.53531329]
[-78.48979242]
[-78.47659989]
[-78.66425954]
[-78.40548138]
[-78.34320502]
[-78.47251596]
[-78.33665409]
[-78.37612681]
[-78.44085859]
[-78.28975332]
[-78.25941508]
[-78.39288936]
[-78.51081214]
[-78.34340698]
[-78.66945215]
[-78.52207254]
[-78.75478663]
[-78.55942586]
[-78.62198002]
[-78.64720888]
[-78.83301494]
[-78.6707427]
[-78.78014252]
[-78.60164291]
[-78.52806969]
[-78.66326719]
[-78.60218442]
[-78.30381272]
[-78.47663175]
[-78.22564124]
[-78.46785215]
[-78.45808303]
[-78.59849519]
[-78.60929249]
[-78.65396849]
[-78.54643694]
[-78.59499371]
[-78.76064752]
[-78.52902041]
[-78.49436508]
[-78.51971287]
[-78.54328391]
[-78.44629059]
[-78.33956069]
[-78.40336528]
[-78.26290177]
[-78.29507078]
[-78.41462349]
[-78.2902861]
[-78.37769434]
[-78.78912569]
[-78.46349672]
[-78.67508579]
[-78.41307449]
[-78.5748012]
[-78.46440619]
[-78.57009351]
[-78.648911]
[-78.53864258]
[-78.40910885]
[-78.68603219]
[-78.48215659]
[-78.44586699]
[-78.54234592]
[-78.42901713]
[-78.36561203]
[-78.37396294]
[-78.43318948]
[-78.50023412]
[-78.40007021]
[-78.62771032]
[-78.24230426]
[-78.51033917]
[-78.44501006]
[-78.49013972]
[-78.37650963]
[-78.39874965]
[-78.46045518]
[-78.53592094]
[-78.50840414]
[-78.54400828]
[-78.40738703]
[-78.27439869]
[-78.4651612]
[-78.42416718]
[-78.47213859]
[-78.30326239]
[-78.25780696]
[-78.41167187]
[-78.34754522]
[-78.40369551]
[-78.39632539]
[-78.39306125]
[-78.49712582]
[-78.54660787]
[-78.55756159]
[-78.68664223]
[-78.63194089]
[-78.90635184]
[-78.47983801]
[-78.6070219]
[-78.59529373]
[-78.55630189]
[-78.42858196]
[-78.47202874]
[-78.50859026]
[-78.33636961]
[-78.57406131]
[-78.52923979]
[-78.48779493]
[-78.16250405]
[-78.42454596]
[-78.3109863]
[-78.38881968]
[-78.3457305]
[-78.28644681]
[-78.69487959]
[-78.71088436]
[-78.52296414]
[-78.64923631]
[-78.5364482]
[-78.60913305]
[-78.64004122]
[-78.59660079]
[-78.67363157]
[-78.57434518]
[-78.6489947]
[-78.37274086]
[-78.33346034]
[-78.49657516]
[-78.29805322]
[-78.40421155]
[-78.38229928]
[-78.59270484]
[-78.34593904]
[-78.4560805]
[-78.76544617]
[-78.57989439]
[-78.55680766]
[-78.4726182]
[-78.40277943]
[-78.59625396]
[-78.48095909]
[-78.76879804]
[-78.54284733]
[-78.40851897]
[-78.47880899]
[-78.42854101]
[-78.35264231]
[-78.56679509]
[-78.70948651]
[-78.7262648]
[-78.63399089]
[-78.63905817]
[-78.67219582]
[-78.50231422]
[-78.55845877]
[-78.52191597]
[-78.65158914]
[-78.41914692]
[-78.54626777]
[-78.60041861]
[-78.53595739]
[-78.49922513]
[-78.47703067]
[-78.5398042]
[-78.68352334]
[-78.59296883]
[-78.50527752]
[-78.57957079]
[-78.6503239]
[-78.57981149]
[-78.68793886]
[-78.44976524]
[-78.56480885]
[-78.56819112]
[-78.67088194]
[-78.59832337]
[-78.39842266]
[-78.56499482]
[-78.47614019]
[-78.56009361]
[-78.40067632]
[-78.32146581]
[-78.3173586]
[-78.34708781]
[-78.48680948]
[-78.44168213]
[-78.29347616]
[-78.4615538]
[-78.51832512]
[-78.51942422]
[-78.40340846]
[-78.40655672]
[-78.50774939]
[-78.51482066]
[-78.46700001]
[-78.54595573]
[-78.38422865]
[-78.75570784]
[-78.4909293]
[-78.61296315]
[-78.44326525]
[-78.27158284]
[-78.41673296]
[-78.2307324]
[-78.38256456]
[-78.47315666]
[-78.44039893]
[-78.46991233]
[-78.56895748]
[-78.76324301]
[-78.59006573]
[-78.646439]
[-78.80119487]
[-78.57040077]
[-78.63571048]
[-78.630017]
[-78.51525141]
[-78.55481087]
[-78.40722429]
[-78.44631157]
[-78.35187143]
[-78.29022061]
[-78.47724309]
[-78.4453803]
[-78.56520351]
[-78.37852501]
[-78.451651]
[-78.3615763]
[-78.37751322]
[-78.49887608]
[-78.51354555]
[-78.65228141]
[-78.55447548]
[-78.39535345]
[-78.41389969]
[-78.38679516]
[-78.30072841]
[-78.25656465]
[-78.30170021]
[-78.30994906]
[-78.39808968]
[-78.34037367]
[-78.46058257]
[-78.62779707]
[-78.67977856]
[-78.5778441]
[-78.46066239]
[-78.3334748]
[-78.32723071]
[-78.49935112]
[-78.41519289]
[-78.5484685]
[-78.48287165]
[-78.61209042]
[-78.45805204]
[-78.69724332]
[-78.50273463]
[-78.34450503]
[-78.54688949]
[-78.49070005]
[-78.41392976]
[-78.35184969]
[-78.36636411]
[-78.5636707]
[-78.30612321]
[-78.35938282]
[-78.45763321]
[-78.35552153]
[-78.41115619]
[-78.29735517]
[-78.47536436]
[-78.46859645]
[-78.40116789]
[-78.14849546]
[-78.32430142]
[-78.4290985]
[-78.59981946]
[-78.39443989]
[-78.52428702]
[-78.62226738]
[-78.27251405]
[-78.44104441]
[-78.5449192]
[-78.39447819]
[-78.43525822]
[-78.39295467]
[-78.26263694]
[-78.516639]
[-78.5073793]
[-78.46614041]
[-78.40953138]
[-78.22501586]
[-78.542987]
[-78.57983355]
[-78.7480176]
[-78.56598906]
[-78.71074765]
[-78.49846873]
[-78.6073767]
[-78.50218851]
[-78.62238543]
[-78.39479653]
[-78.68318461]
[-78.62678652]
[-78.58308108]
[-78.69821898]
[-78.62602243]
[-78.45689135]
[-78.38450072]
[-78.42299878]
[-78.56114156]
[-78.515852]
[-78.42070841]
[-78.41955633]
[-78.44173256]
[-78.41335952]
[-78.33814399]
[-78.51241615]
[-78.44750699]
[-78.39326356]
[-78.36953639]
[-78.35600299]
[-78.51264283]
[-78.5682015]
[-78.28952258]
[-78.4630391]
[-78.4054872]
[-78.64043885]
[-78.37055293]
[-78.34790417]
[-78.62515773]
[-78.46303333]
[-78.39961098]
[-78.37234815]
[-78.5765887]
[-78.79702065]
[-78.3897679]
[-78.22962189]
[-78.28319277]
[-78.40536234]
[-78.4638931]
[-78.3672169]
[-78.45940651]
[-78.54005518]
[-78.41242712]
[-78.51621375]
[-78.33651122]
[-78.4193783]
[-78.28790809]
[-78.35241574]
[-78.37425809]
[-78.36807335]
[-78.46340571]
[-78.45909566]
[-78.41688934]
[-78.4404583]
[-78.45241748]
[-78.33686842]
[-78.63920959]
[-78.50531579]
[-78.44960968]
[-78.72317343]
[-78.32922586]
[-78.44775191]
[-78.37148737]
[-78.42235036]
[-78.52761297]
[-78.65472231]
[-78.50410595]
[-78.60074876]
[-78.71643982]
[-78.37093052]
[-78.47983993]
[-78.46459105]
[-78.54183105]
[-78.61323697]
[-78.58589542]
[-78.4121514]
[-78.66353374]
