[-72.75758767]
[-72.56873093]
[-72.71034288]
[-72.5482135]
[-72.426647]
[-72.66428271]
[-72.53715782]
[-72.68556773]
[-72.46964919]
[-72.42216619]
[-72.6390779]
[-72.61755401]
[-72.47480718]
[-72.48015191]
[-72.64439745]
[-72.53490774]
[-72.43925959]
[-72.63529017]
[-72.49398448]
[-72.60383065]
[-72.49634439]
[-72.45212882]
[-72.42498048]
[-72.69049586]
[-72.39591737]
[-72.56641565]
[-72.45993747]
[-72.32416456]
[-72.63564825]
[-72.49550473]
[-72.42158355]
[-72.55251656]
[-72.51389404]
[-72.53321133]
[-72.45133642]
[-72.44737928]
[-72.54975284]
[-72.4574082]
[-72.41455571]
[-72.66456576]
[-72.62510704]
[-72.44586304]
[-72.70817006]
[-72.61408728]
[-72.58772164]
[-72.37975072]
[-72.81785077]
[-72.51847365]
[-72.51611263]
[-72.39070167]
[-72.64124271]
[-72.51888414]
[-72.64998809]
[-72.65445268]
[-72.33644285]
[-72.76383003]
[-72.37645651]
[-72.67204037]
[-72.5581571]
[-72.64891704]
[-72.43923655]
[-72.60650087]
[-72.67628134]
[-72.64855906]
[-72.56903167]
[-72.42553428]
[-72.51414688]
[-72.46321871]
[-72.60405874]
[-72.37764043]
[-72.57299476]
[-72.53587098]
[-72.61087062]
[-72.309833]
[-72.68822808]
[-72.52216121]
[-72.66388402]
[-72.45176178]
[-72.68521997]
[-72.50911357]
[-72.72717044]
[-72.55690205]
[-72.34190211]
[-72.61406546]
[-72.39338834]
[-72.47628835]
[-72.57938091]
[-72.50953309]
[-72.20002987]
[-72.40239703]
[-72.41358523]
[-72.57863002]
[-72.44883718]
[-72.80249413]
[-72.56695795]
[-72.52422225]
[-72.70809984]
[-72.60923856]
[-72.53006823]
[-72.5061118]
[-72.53915259]
[-72.4380871]
[-72.44848272]
[-72.45454932]
[-72.61746558]
[-72.47846137]
[-72.59217234]
[-72.7686031]
[-72.22181226]
[-72.56971504]
[-72.72876525]
[-72.69466251]
[-72.58150454]
[-72.69439807]
[-72.45952735]
[-72.48412256]
[-72.46715551]
[-72.60299482]
[-72.56353031]
[-72.54331858]
[-72.68179731]
[-72.59858151]
[-72.67630095]
[-72.50422148]
[-72.49242316]
[-72.50990279]
[-72.48756146]
[-72.43869613]
[-72.51039791]
[-72.55875898]
[-72.57845759]
[-72.52767473]
[-72.4802708]
[-72.68697052]
[-72.67561505]
[-72.64984313]
[-72.52120102]
[-72.37540764]
[-72.36755278]
[-72.47169391]
[-72.51880893]
[-72.53211754]
[-72.79227687]
[-72.55829473]
[-72.47849533]
[-72.52219572]
[-72.60795439]
[-72.56845724]
[-72.66082541]
[-72.68673365]
[-72.75925196]
[-72.5786762]
[-72.50357737]
[-72.6151632]
[-72.47147118]
[-72.54403933]
[-72.58827673]
[-72.39104907]
[-72.58630291]
[-72.55405874]
[-72.86165979]
[-72.73158435]
[-72.49635068]
[-72.45974693]
[-72.49395532]
[-72.4363475]
[-72.64614693]
[-72.57867863]
[-72.78223632]
[-72.53776127]
[-72.67220201]
[-72.57851727]
[-72.38388298]
[-72.50916211]
[-72.43220647]
[-72.42653483]
[-72.57973535]
[-72.52052535]
[-72.71215441]
[-72.41447387]
[-72.65271018]
[-72.64602507]
[-72.46125943]
[-72.76140357]
[-72.39950454]
[-72.55190431]
[-72.49182909]
[-72.62099829]
[-72.34792263]
[-72.63846793]
[-72.71936072]
[-72.53172254]
[-72.33859371]
[-72.51071606]
[-72.57476767]
[-72.58868142]
[-72.43574643]
[-72.71708997]
[-72.70027681]
[-72.41181459]
[-72.50113747]
[-72.45692872]
[-72.40482278]
[-72.68374599]
[-72.58182864]
[-72.8770142]
[-72.61419255]
[-72.46201393]
[-72.55483907]
[-72.67504261]
[-72.78966197]
[-72.55805931]
[-72.60875316]
[-72.62101922]
[-72.62562068]
[-72.51012015]
[-72.73165623]
[-72.61002481]
[-72.50101192]
[-72.61457251]
[-72.68592573]
[-72.67650001]
[-72.7572883]
[-72.48491921]
[-72.64409178]
[-72.50709023]
[-72.51823207]
[-72.63347774]
[-72.50665891]
[-72.59269493]
[-72.88282199]
[-72.87059295]
[-72.3622723]
[-72.46609069]
[-72.53401219]
[-72.73713711]
[-72.52725656]
[-72.57334767]
[-72.68993213]
[-72.68966434]
[-72.65613885]
[-72.61481234]
[-72.46178057]
[-72.56455811]
[-72.46549988]
[-72.60433987]
[-72.66928319]
[-72.67985548]
[-72.51932194]
[-72.63483968]
[-72.75467625]
[-72.51449531]
[-72.67995376]
[-72.72738073]
[-72.68552636]
[-72.73508978]
[-72.52930353]
[-72.62466938]
[-72.72807857]
[-72.6527314]
[-72.69057604]
[-72.57359842]
[-72.64289647]
[-72.488617]
[-72.65978689]
[-72.63463232]
[-72.67061996]
[-72.53512772]
[-72.58666597]
[-72.64739818]
[-72.48634661]
[-72.68583058]
[-72.51025017]
[-72.69656878]
[-72.65921966]
[-72.63954631]
[-72.57080593]
[-72.70838266]
[-72.66859316]
[-72.77059457]
[-72.68771594]
[-72.67493002]
[-72.54717646]
[-72.35216912]
[-72.55638692]
[-72.57044838]
[-72.44386447]
[-72.3509354]
[-72.57862668]
[-72.46829585]
[-72.57811809]
[-72.40679863]
[-72.49107941]
[-72.68308697]
[-72.64468919]
[-72.61255468]
[-72.57871895]
[-72.50085283]
[-72.49490788]
[-72.6891951]
[-72.78889237]
[-72.63657369]
[-72.42849622]
[-72.7666054]
[-72.53214354]
[-72.5791281]
[-72.70430173]
[-72.68334321]
[-72.53123603]
[-72.29094336]
[-72.70377372]
[-72.62019607]
[-72.58369532]
[-72.60086043]
[-72.49235278]
[-72.44933664]
[-72.62175693]
[-72.85720299]
[-72.64253938]
[-72.62516154]
[-72.51115675]
[-72.5610869]
[-72.72384912]
[-72.66286171]
[-72.53566246]
[-72.66728878]
[-72.47543544]
[-72.54608879]
[-72.64097492]
[-72.50424311]
[-72.55519884]
[-72.5863465]
[-72.74132934]
[-72.64166912]
[-72.47051726]
[-72.51823346]
[-72.4992197]
[-72.43053236]
[-72.68409065]
[-72.656025]
[-72.62272823]
[-72.64840302]
[-72.7248297]
[-72.53286023]
[-72.71872025]
[-72.61996987]
[-72.68232117]
[-72.45244286]
[-72.54647987]
[-72.67447652]
[-72.48210511]
[-72.49162692]
[-72.57844509]
[-72.53421189]
[-72.53785561]
[-72.46781374]
[-72.62325062]
[-72.61312909]
[-72.52161528]
[-72.64087612]
[-72.36941395]
[-72.52592474]
[-72.51278004]
[-72.52743462]
[-72.69999368]
[-72.57909531]
[-72.57549772]
[-72.48650796]
[-72.64887691]
[-72.65408876]
[-72.42385716]
[-72.57295459]
[-72.52275366]
[-72.52944458]
[-72.48227645]
[-72.42875539]
[-72.36498952]
[-72.50273322]
[-72.49739329]
[-72.57321628]
[-72.48591035]
[-72.45826316]
[-72.47232458]
[-72.78529491]
[-72.71823531]
[-72.62448494]
[-72.47690272]
[-72.59924252]
[-72.31349378]
[-72.7469191]
[-72.68012538]
[-72.46362896]
[-72.46798038]
[-72.56604632]
[-72.52194378]
[-72.55321747]
[-72.63314604]
[-72.61739732]
[-72.33165595]
[-72.59009704]
[-72.52204419]
[-72.58546917]
[-72.53184942]
[-72.65482]
[-72.4101353]
[-72.63054972]
[-72.65334693]
[-72.48961023]
[-72.61583451]
[-72.37124209]
[-72.54380713]
[-72.65276692]
[-72.35745971]
[-72.45896304]
[-72.52204697]
[-72.84792597]
[-72.72285712]
[-72.72847026]
[-72.75621674]
[-72.41265627]
[-72.64491426]
[-72.76405922]
[-72.5043533]
[-72.59895867]
[-72.4469449]
[-72.50524749]
[-72.66449812]
[-72.6400271]
[-72.43646889]
[-72.31397881]
[-72.56258086]
[-72.50669438]
[-72.32256393]
[-72.70301822]
[-72.55446013]
[-72.40898329]
[-72.57820902]
[-72.51333707]
[-72.67486658]
[-72.62188937]
[-72.54873014]
[-72.32060419]
[-72.34589739]
[-72.70826176]
[-72.48832913]
[-72.51333009]
[-72.58774369]
[-72.44736305]
[-72.59330192]
[-72.5221073]
[-72.59401831]
[-72.5850576]
[-72.58348354]
[-72.57023874]
[-72.62677095]
[-72.57401962]
[-72.44174085]
[-72.47450862]
[-72.5100715]
[-72.45662043]
[-72.47682227]
[-72.43531384]
[-72.72554509]
[-72.58762386]
[-72.805695]
[-72.3465819]
[-72.42979806]
[-72.76223282]
[-72.61801007]
[-72.59669548]
[-72.50907818]
[-72.6569142]
[-72.61014981]
[-72.66794472]
[-72.35461168]
[-72.59653828]
[-72.51494275]
[-72.67935463]
[-72.45104408]
[-72.62666542]
[-72.35260781]
[-72.5442154]
[-72.6012636]
[-72.56514045]
[-72.63611291]
[-72.54317629]
[-72.62058009]
[-72.58244686]
[-72.61250285]
[-72.64522213]
[-72.41524134]
[-72.60375262]
[-72.38798039]
[-72.64211518]
[-72.66096245]
[-72.47093568]
[-72.47234705]
[-72.46089142]
[-72.50491641]
[-72.50686251]
[-72.58248827]
[-72.66390357]
[-72.50556607]
[-72.45920866]
[-72.61194399]
[-72.52491797]
[-72.41474513]
[-72.46196496]
[-72.48592407]
[-72.47067436]
[-72.42524393]
[-72.45473911]
[-72.65874818]
[-72.64036645]
[-72.36745827]
[-72.51888213]
[-72.66727872]
[-72.6225667]
[-72.69555245]
[-72.55242599]
[-72.47026809]
[-72.58996]
[-72.59486362]
[-72.54851616]
[-72.33325053]
[-72.59908631]
[-72.57955372]
[-72.61582663]
[-72.69963751]
[-72.44414225]
[-72.67344189]
[-72.74744945]
[-72.55891768]
[-72.48460145]
[-72.48178493]
[-72.26774111]
[-72.55247767]
[-72.69307631]
[-72.61907362]
[-72.41368692]
[-72.720468]
[-72.59995037]
[-72.5395739]
[-72.56862166]
[-72.4081107]
[-72.56497617]
[-72.66785309]
[-72.70659228]
[-72.44110198]
[-72.45620831]
[-72.60497816]
[-72.47540862]
[-72.63362101]
[-72.57898301]
[-72.57722528]
[-72.44723467]
[-72.44194218]
[-72.38893775]
[-72.49705899]
[-72.46329598]
[-72.75846303]
[-72.46783865]
[-72.5567842]
[-72.53081774]
[-72.38112193]
[-72.46489029]
[-72.74463741]
[-72.45386362]
[-72.51066929]
[-72.48286074]
[-72.6222286]
[-72.65745556]
[-72.6692907]
[-72.5340147]
[-72.67896547]
[-72.40973418]
[-72.51061083]
[-72.56506893]
[-72.75668129]
[-72.63809387]
[-72.58548866]
[-72.49643425]
[-72.44458869]
[-72.54993282]
[-72.53310613]
[-72.3763353]
[-72.45253413]
[-72.59031821]
[-72.62397353]
[-72.60929339]
[-72.58531035]
[-72.46596616]
[-72.52789378]
[-72.51247188]
[-72.38837319]
[-72.58778245]
[-72.48133151]
[-72.6632059]
[-72.53599494]
[-72.63111651]
[-72.66131131]
[-72.76259621]
[-72.48027084]
[-72.57887626]
[-72.46170199]
[-72.47130625]
[-72.38175018]
[-72.3686473]
[-72.60673373]
[-72.53227462]
[-72.55085645]
[-72.50802878]
[-72.54553804]
[-72.46415417]
[-72.69785237]
[-72.76220171]
[-72.47112296]
[-72.52360016]
[-72.67057824]
[-72.67602992]
[-72.40974436]
[-72.51072258]
[-72.55165961]
[-72.61374805]
[-72.55608079]
[-72.54297172]
[-72.53928767]
[-72.50851953]
[-72.63892823]
[-72.55899992]
[-72.61475028]
[-72.54561425]
[-72.4283102]
[-72.58385941]
[-72.43617454]
[-72.56620596]
[-72.51226372]
[-72.53960628]
[-72.41777181]
[-72.55214814]
[-72.5404865]
[-72.55222911]
[-72.71781737]
[-72.59016381]
[-72.59185933]
[-72.55947218]
[-72.50094054]
[-72.62558506]
[-72.72701592]
[-72.61886533]
[-72.58554438]
[-72.58583514]
[-72.68301589]
[-72.65346785]
[-72.56906798]
[-72.66448826]
[-72.43742357]
[-72.58918566]
[-72.55282033]
[-72.46190217]
[-72.53911111]
[-72.56903298]
[-72.4497818]
[-72.45477145]
[-72.47494965]
[-72.53007886]
[-72.5038209]
[-72.59125166]
[-72.80159218]
[-72.64807139]
[-72.76755815]
[-72.64742811]
[-72.77933082]
[-72.63461598]
[-72.79471759]
[-72.45757939]
[-72.56668238]
[-72.44067958]
[-72.41844684]
[-72.66207915]
[-72.67339186]
[-72.42205435]
[-72.43931386]
[-72.54896206]
[-72.49081053]
[-72.56870646]
[-72.62372933]
[-72.6197823]
[-72.49738461]
[-72.5963326]
[-72.62005814]
[-72.43331575]
[-72.5852422]
[-72.51489411]
[-72.74766386]
[-72.60238472]
[-72.60658463]
[-72.34880618]
[-72.47258438]
[-72.54623245]
[-72.51630416]
[-72.43674894]
[-72.47367214]
[-72.61216166]
[-72.63078352]
[-72.53228922]
[-72.47753769]
[-72.58366543]
[-72.57604557]
[-72.54859856]
[-72.5954945]
[-72.6068152]
[-72.61203438]
[-72.64221039]
[-72.6874903]
[-72.65199929]
[-72.70382692]
[-72.58306647]
[-72.49146861]
[-72.57516814]
[-72.6047842]
[-72.62755052]
[-72.68555521]
[-72.80667059]
[-72.22519709]
[-72.52961575]
[-72.46287997]
[-72.46829397]
[-72.42192609]
[-72.54721822]
[-72.62723691]
[-72.57118086]
[-72.75153826]
[-72.66633011]
[-72.74003242]
[-72.52992811]
[-72.43921073]
[-72.61397433]
[-72.7005766]
[-72.26276211]
[-72.40743542]
[-72.60242831]
[-72.65152642]
[-72.62825197]
[-72.81434185]
[-72.46875351]
[-72.5750667]
[-72.42067575]
[-72.55661817]
[-72.49114416]
[-72.65973779]
[-72.40739436]
[-72.49349395]
[-72.65368698]
[-72.85895837]
[-72.72891213]
[-72.44388353]
[-72.44317056]
[-72.4215126]
[-72.4943427]
[-72.36103692]
[-72.62771402]
[-72.55531836]
[-72.66290236]
[-72.78663641]
[-72.43583469]
[-72.68254069]
[-72.48693664]
[-72.33489494]
[-72.57156456]
[-72.55768921]
[-72.54186965]
[-72.37443411]
[-72.87784287]
[-72.64659224]
[-72.61344569]
[-72.42458089]
[-72.62116023]
[-72.39974685]
[-72.74380758]
[-72.42454834]
[-72.67679776]
[-72.5428828]
[-72.61610435]
[-72.61586443]
[-72.4936282]
[-72.38046094]
[-72.55803237]
[-72.55951277]
[-72.51870427]
[-72.62369832]
[-72.56443785]
[-72.66329707]
[-72.53284255]
[-72.59493025]
[-72.396175]
[-72.59248161]
[-72.71564999]
[-72.4922341]
[-72.65240093]
[-72.58748644]
[-72.43377252]
[-72.44376045]
[-72.56215401]
[-72.58506928]
[-72.4756279]
[-72.36070865]
[-72.55610445]
[-72.65530738]
[-72.38200854]
[-72.56902183]
[-72.4562464]
[-72.62793354]
[-72.74676309]
[-72.39188972]
[-72.78933343]
[-72.74240204]
[-72.62821795]
[-72.62571109]
[-72.66232239]
[-72.52837346]
[-72.55998858]
[-72.67396382]
[-72.4391893]
[-72.60380067]
[-72.50140138]
[-72.35477438]
[-72.45876196]
[-72.56207889]
[-72.53428684]
[-72.4973127]
[-72.52346454]
[-72.6520718]
[-72.49857682]
[-72.59817725]
[-72.72304893]
[-72.87538062]
[-72.541996]
[-72.61024172]
[-72.50771377]
[-72.47972491]
[-72.53901029]
[-72.61495601]
[-72.5063806]
[-72.46296415]
[-72.5813984]
[-72.50129029]
[-72.49426788]
[-72.48315887]
[-72.64786381]
[-72.49870804]
[-72.41777625]
[-72.77129275]
[-72.65089009]
[-72.6029394]
[-72.69654365]
[-72.73607021]
[-72.78052861]
[-72.61759067]
[-72.71079869]
[-72.63484316]
[-72.68527297]
[-72.56651062]
[-72.574618]
[-72.8337045]
[-72.51168978]
[-72.57929674]
[-72.69728308]
[-72.67679522]
[-72.69424907]
[-72.49516976]
[-72.49002554]
[-72.59959265]
[-72.77923666]
[-72.59134629]
[-72.73377053]
[-72.50689054]
[-72.66313704]
[-72.64430456]
[-72.73009049]
[-72.56466898]
[-72.37515576]
[-72.49405192]
[-72.49461218]
[-72.82668411]
[-72.49405843]
[-72.37610294]
[-72.46492766]
[-72.57500581]
[-72.63783948]
[-72.49655153]
[-72.48970593]
[-72.55145762]
[-72.56254584]
[-72.64341674]
[-72.69494831]
[-72.50894266]
[-72.60186308]
[-72.38006081]
[-72.41356332]
[-72.56521234]
[-72.5197336]
[-72.43539171]
[-72.58159209]
[-72.53641177]
[-72.47901179]
[-72.66933179]
[-72.46371743]
[-72.53868411]
[-72.53523444]
[-72.48357627]
[-72.42542838]
[-72.56377449]
[-72.3866875]
[-72.70296143]
[-72.59592951]
[-72.66880328]
[-72.51533303]
[-72.6594106]
[-72.63921486]
[-72.62070867]
[-72.51005045]
[-72.62191094]
[-72.66327922]
[-72.6934073]
[-72.77274247]
[-72.54067957]
[-72.503096]
[-72.54470409]
[-72.54164333]
[-72.60792582]
[-72.53743716]
[-72.79478022]
[-72.55804227]
[-72.53424199]
[-72.48876059]
[-72.34716215]
[-72.68773632]
[-72.61072505]
[-72.60094509]
[-72.61348495]
[-72.67391466]
[-72.71195793]
[-72.57374289]
[-72.50860806]
[-72.67480289]
[-72.66844619]
[-72.60345626]
[-72.58594024]
[-72.46854156]
[-72.73882323]
[-72.41125614]
[-72.61636106]
[-72.48917247]
[-72.49564294]
[-72.7121013]
[-72.56529632]
[-72.52594013]
[-72.46479905]
[-72.52284372]
[-72.57400144]
[-72.51534535]
[-72.643152]
[-72.57080169]
[-72.62759495]
[-72.7420025]
[-72.48264619]
[-72.58715691]
[-72.65272862]
[-72.7112273]
[-72.63839361]
[-72.44937383]
[-72.70718327]
[-72.59849439]
[-72.66328144]
[-72.50524099]
[-72.73965212]
[-72.6669713]
[-72.69042418]
[-72.43259919]
[-72.40424716]
[-72.45271892]
[-72.57902575]
[-72.42580851]
[-72.55184122]
[-72.53248613]
[-72.42628497]
[-72.78134064]
[-72.61960587]
[-72.70538357]
[-72.59500603]
[-72.50899293]
[-72.59433454]
[-72.61045979]
[-72.55769757]
[-72.45280968]
[-72.45005062]
[-72.82179562]
[-72.65038766]
[-72.52641147]
[-72.48134875]
[-72.52472927]
[-72.60713549]
[-72.59820054]
[-72.42619765]
[-72.55409507]
[-72.45231232]
[-72.64798359]
[-72.57512647]
[-72.67522938]
[-72.56680055]
[-72.66820375]
[-72.47863574]
[-72.6745035]
[-72.49365958]
[-72.56038408]
[-72.55061476]
[-72.60817562]
[-72.57427499]
[-72.58976025]
[-72.52389439]
[-72.58482305]
[-72.66330831]
[-72.53680699]
[-72.43791126]
[-72.6218198]
[-72.64033942]
[-72.34023237]
[-72.66275128]
[-72.51462112]
[-72.49521406]
[-72.46114361]
[-72.33366255]
[-72.63415659]
[-72.60898995]
[-72.52169062]
[-72.42205489]
[-72.5753738]
[-72.68723888]
[-72.52785491]
[-72.63799988]
[-72.55134608]
[-72.51296749]
[-72.4441104]
[-72.55162758]
[-72.40093198]
[-72.58637391]
[-72.58074273]
[-72.49319868]
[-72.63789285]
[-72.50723628]
[-72.38424283]
[-72.44859033]
[-72.54315766]
[-72.57853294]
[-72.77845739]
[-72.55673833]
[-72.50142377]
[-72.48148071]
[-72.50932331]
[-72.67861048]
[-72.62639743]
[-72.51668086]
[-72.54158084]
[-72.5636774]
[-72.65306415]
[-72.62824682]
[-72.42869391]
[-72.3742765]
[-72.53881546]
[-72.65284235]
[-72.44714968]
[-72.47884774]
[-72.57286895]
[-72.59825978]
[-72.50226531]
[-72.38590398]
[-72.36139368]
[-72.51617065]
[-72.44338797]
[-72.65525499]
[-72.48203849]
[-72.69845556]
[-72.61246928]
[-72.65558355]
[-72.55955932]
[-72.59322697]
[-72.41457436]
[-72.54572873]
[-72.44355258]
[-72.42475871]
[-72.58079611]
[-72.64958839]
[-72.69281147]
[-72.59090388]
[-72.52389588]
[-72.52418141]
[-72.69304503]
[-72.63863709]
[-72.52457143]
[-72.42087703]
[-72.40753284]
[-72.69419775]
[-72.66012929]
[-72.593278]
[-72.63856208]
[-72.62390928]
[-72.64328467]
[-72.62827617]
[-72.40808308]
[-72.42724693]
[-72.46933377]
[-72.50408285]
[-72.46220885]
[-72.39884297]
[-72.61747468]
[-72.38314234]
[-72.68678356]
[-72.53033182]
[-72.47969581]
[-72.39263748]
[-72.70447734]
[-72.6247943]
[-72.50742748]
[-72.46644243]
[-72.38569141]
[-72.64883318]
[-72.48655249]
[-72.48767802]
[-72.56860309]
[-72.57459091]
[-72.41352523]
[-72.4901538]
[-72.51363836]
[-72.42682787]
[-72.63950806]
[-72.60542645]
[-72.48093321]
[-72.32592729]
[-72.46516983]
[-72.43761532]
[-72.46248946]
[-72.68271836]
[-72.68561743]
[-72.63007841]
[-72.48041259]
[-72.32929898]
[-72.44027492]
[-72.47421585]
[-72.42828421]
[-72.51773805]
[-72.27614999]
[-72.40775918]
[-72.48157088]
[-72.67154466]
[-72.56843933]
[-72.67365296]
[-72.65113571]
[-72.54619678]
[-72.46723221]
[-72.46979028]
[-72.47494064]
[-72.56085632]
[-72.58592631]
[-72.50444409]
[-72.71837277]
[-72.49729864]
[-72.66603786]
[-72.61975092]
[-72.62323516]
[-72.58580047]
[-72.71451754]
[-72.68488921]
[-72.57802087]
[-72.70693854]
[-72.676203]
[-72.65936409]
[-72.72930191]
[-72.57476685]
[-72.51124079]
[-72.45753934]
[-72.69784743]
[-72.68051695]
[-72.49268957]
[-72.52991185]
[-72.44913905]
[-72.58547106]
[-72.62034031]
[-72.66147102]
[-72.40649961]
[-72.4622712]
[-72.45914144]
[-72.55684784]
[-72.48148773]
[-72.68022935]
[-72.33806255]
[-72.439377]
[-72.4827143]
[-72.62295369]
[-72.63282807]
