[-77.6991959]
[-77.63957116]
[-77.63414058]
[-77.43317531]
[-77.56843977]
[-77.55593277]
[-77.58242568]
[-77.73147791]
[-77.81555695]
[-77.88525503]
[-77.83429755]
[-77.7725069]
[-77.66415617]
[-77.68618465]
[-77.63458787]
[-77.71378772]
[-77.85375604]
[-77.83461868]
[-77.89432442]
[-77.75792177]
[-77.70334089]
[-77.83825596]
[-77.79360028]
[-77.64049642]
[-77.52082624]
[-77.42457793]
[-77.60736598]
[-77.59671756]
[-77.79845241]
[-77.64867139]
[-77.68840701]
[-77.75805315]
[-77.595631]
[-77.52519579]
[-77.55965126]
[-77.7709906]
[-77.81435671]
[-78.06267512]
[-77.61409556]
[-77.93213017]
[-77.92930399]
[-77.90379416]
[-77.71629314]
[-77.69752817]
[-77.71235453]
[-77.57383846]
[-77.88114185]
[-77.85490558]
[-77.54966451]
[-77.67333909]
[-77.7567555]
[-77.68101925]
[-77.59648378]
[-77.56503235]
[-77.62616812]
[-77.77843107]
[-77.67112329]
[-77.81829007]
[-77.79142415]
[-77.59200482]
[-77.96377543]
[-77.83618359]
[-77.68674201]
[-77.80211918]
[-77.8071973]
[-77.82554396]
[-77.64897331]
[-77.73884651]
[-77.61888638]
[-77.76634999]
[-77.49415303]
[-77.66393062]
[-77.60693578]
[-77.63762383]
[-77.64888646]
[-77.64371952]
[-77.47858561]
[-77.63862052]
[-77.60012791]
[-77.72753788]
[-77.86631192]
[-77.96461289]
[-77.57451241]
[-77.73216405]
[-77.66583907]
[-77.7324738]
[-77.79348985]
[-77.86050556]
[-77.68598626]
[-77.59238585]
[-77.74467991]
[-77.82228974]
[-77.58820167]
[-77.56468493]
[-77.76002808]
[-77.526899]
[-77.80471686]
[-77.75331645]
[-77.86740017]
[-77.79348897]
[-77.76997278]
[-77.80459399]
[-77.73379328]
[-77.67234856]
[-77.74403014]
[-77.66270424]
[-77.77423533]
[-77.71247949]
[-77.80891291]
[-77.76217374]
[-77.66668179]
[-77.77680581]
[-77.99475542]
[-77.7780401]
[-77.89979248]
[-77.80650524]
[-77.72465883]
[-77.73738474]
[-77.58463615]
[-77.54795762]
[-77.49604073]
[-77.54834852]
[-77.61539287]
[-77.79711855]
[-77.63314159]
[-77.58723513]
[-77.75267759]
[-77.92472158]
[-77.63797287]
[-77.5071004]
[-77.68106586]
[-77.55680748]
[-77.64354347]
[-77.71313358]
[-77.56075951]
[-77.58695286]
[-77.9253961]
[-77.6926361]
[-77.63555986]
[-77.71123743]
[-77.58740965]
[-77.70295874]
[-77.51832199]
[-77.53783302]
[-77.34527739]
[-77.46567636]
[-77.57512665]
[-77.56523218]
[-77.67006828]
[-77.74260298]
[-77.72892886]
[-77.67284052]
[-77.62857258]
[-77.60280798]
[-77.78234965]
[-77.73858202]
[-77.71833233]
[-77.87705338]
[-77.98414952]
[-77.74404864]
[-77.67074576]
[-77.79126737]
[-78.04435854]
[-77.71977998]
[-77.80510885]
[-77.6735963]
[-77.67769566]
[-77.71409481]
[-77.73526678]
[-77.71288499]
[-77.76682935]
[-77.71723986]
[-77.90102315]
[-77.64624848]
[-77.79066509]
[-77.66675893]
[-77.70911161]
[-77.80532232]
[-77.73529283]
[-77.80276642]
[-77.76982919]
[-77.85882778]
[-77.72927682]
[-78.02017615]
[-77.87651191]
[-77.83216212]
[-77.83663679]
[-77.81649111]
[-77.51643188]
[-77.60835101]
[-77.5414089]
[-77.71505861]
[-77.72812577]
[-77.72535607]
[-77.72550489]
[-77.53288163]
[-77.95725854]
[-77.82044668]
[-77.88082343]
[-77.72685263]
[-77.73287004]
[-77.77071706]
[-77.71689965]
[-77.75387008]
[-77.75525548]
[-77.54365223]
[-77.60163634]
[-77.43640728]
[-77.55549015]
[-77.6580521]
[-77.5299183]
[-77.54861695]
[-77.91426964]
[-77.58672404]
[-77.72586673]
[-77.73702623]
[-77.60351462]
[-77.61086199]
[-77.49738883]
[-77.73716375]
[-77.69795098]
[-77.67179923]
[-77.76548262]
[-77.62422198]
[-77.73453305]
[-77.75797922]
[-77.8493617]
[-77.81329753]
[-77.58383365]
[-77.69586574]
[-77.58861704]
[-77.58756947]
[-77.9298411]
[-77.76983834]
[-77.77801568]
[-77.86731317]
[-77.81048003]
[-77.871959]
[-77.8001521]
[-77.78758924]
[-77.6444006]
[-77.57273584]
[-77.91362455]
[-77.729723]
[-77.92620925]
[-77.80156087]
[-77.79008801]
[-77.7454652]
[-77.81907179]
[-77.55859178]
[-77.6801072]
[-77.67528378]
[-77.83852225]
[-77.74808555]
[-78.02521788]
[-77.79699941]
[-77.61142939]
[-77.66296472]
[-77.68663522]
[-77.62032968]
[-77.78171625]
[-77.76981487]
[-77.90788053]
[-77.80829745]
[-77.81065339]
[-77.8284047]
[-77.7238689]
[-77.72961051]
[-77.71657415]
[-77.6662838]
[-77.9850544]
[-77.68060851]
[-77.67161227]
[-77.74282223]
[-77.81193497]
[-77.85571467]
[-77.76414427]
[-77.767209]
[-77.85968269]
[-77.74289993]
[-77.73466882]
[-77.55014219]
[-77.66907399]
[-77.68588482]
[-77.50609763]
[-77.58877849]
[-77.48892632]
[-77.69369171]
[-77.67068077]
[-77.63866932]
[-77.59510496]
[-77.7672496]
[-77.96670933]
[-77.72900165]
[-77.99038403]
[-77.94352439]
[-77.87697252]
[-77.74707915]
[-77.70423628]
[-77.66486415]
[-77.65323342]
[-77.53772362]
[-77.67276101]
[-77.54027296]
[-77.85909869]
[-77.8081152]
[-77.73057401]
[-77.52924048]
[-77.82683077]
[-77.64829878]
[-77.83828911]
[-77.79033286]
[-77.59869259]
[-77.81728102]
[-77.9781873]
[-77.7175145]
[-77.98202346]
[-77.66532037]
[-77.77523894]
[-77.72230664]
[-77.83345947]
[-77.79305664]
[-77.79322765]
[-77.75469512]
[-77.9022658]
[-77.70692359]
[-77.71654644]
[-77.6980688]
[-77.69637417]
[-77.7470197]
[-77.85678409]
[-77.75784278]
[-77.84160077]
[-77.95733562]
[-77.77029763]
[-77.7396425]
[-77.89353005]
[-77.86304313]
[-77.63998664]
[-77.7663149]
[-77.67536201]
[-77.66007674]
[-77.5982567]
[-77.53900767]
[-77.45452878]
[-77.69592912]
[-77.76989893]
[-77.49008377]
[-77.49322271]
[-77.40749924]
[-77.51478516]
[-77.81480084]
[-77.62721872]
[-77.59243072]
[-77.66218765]
[-77.86347203]
[-77.74719529]
[-77.57052257]
[-78.02415623]
[-77.93802965]
[-77.91584039]
[-77.85516882]
[-77.6192041]
[-77.74773433]
[-77.57962707]
[-77.43910134]
[-77.71163468]
[-77.7173952]
[-77.58361654]
[-77.75673119]
[-77.80207207]
[-77.75026782]
[-77.65948912]
[-77.73262985]
[-77.76051342]
[-77.70706455]
[-77.72349492]
[-77.65964587]
[-77.71955363]
[-77.7852343]
[-77.76232748]
[-77.75884184]
[-77.73926034]
[-77.7932087]
[-77.7407808]
[-77.68554964]
[-77.78703296]
[-77.56981888]
[-77.74384821]
[-77.69228033]
[-77.54476477]
[-77.60887618]
[-77.66423728]
[-77.68010289]
[-77.60092793]
[-77.86526499]
[-77.90295294]
[-77.95089445]
[-77.81408487]
[-77.72823356]
[-77.5924948]
[-77.52088065]
[-77.89015443]
[-77.68307394]
[-77.79451339]
[-77.82495354]
[-77.65729566]
[-77.652758]
[-77.76985852]
[-77.77381974]
[-77.88831741]
[-77.85150766]
[-77.82214628]
[-77.90497622]
[-77.83088502]
[-77.75092508]
[-77.72742104]
[-77.80356811]
[-77.92502]
[-77.87788813]
[-77.63983947]
[-77.63251244]
[-77.84146549]
[-77.71425519]
[-77.56837364]
[-77.77096947]
[-77.66052827]
[-77.49765462]
[-77.91056719]
[-77.5993116]
[-77.62644972]
[-77.75755246]
[-77.7230811]
[-77.92346222]
[-77.95985784]
[-77.72751333]
[-77.88954539]
[-77.80671187]
[-77.75986783]
[-77.65538147]
[-77.78894838]
[-77.68026586]
[-77.74990315]
[-77.63905136]
[-77.70853375]
[-77.67583816]
[-77.67264658]
[-77.82346472]
[-77.67162206]
[-77.86389297]
[-77.69851346]
[-77.75026327]
[-77.76490283]
[-77.62291637]
[-77.68295258]
[-77.57000851]
[-77.82572891]
[-77.70391991]
[-77.70242899]
[-77.51718799]
[-77.80192233]
[-77.60376794]
[-77.63710006]
[-77.72487472]
[-77.91420835]
[-77.86036052]
[-77.76362631]
[-77.83691061]
[-77.83092543]
[-77.70215331]
[-77.7570305]
[-77.56796466]
[-77.78868605]
[-77.63444986]
[-77.69489116]
[-77.55521781]
[-77.68374691]
[-77.55971094]
[-77.69260851]
[-77.68540031]
[-77.83574625]
[-77.57036774]
[-77.93186103]
[-77.94711925]
[-77.76070713]
[-77.73229744]
[-77.94121689]
[-77.70347025]
[-77.65604743]
[-77.77276932]
[-77.87740002]
[-77.64161941]
[-77.53460268]
[-77.85483363]
[-77.6347324]
[-77.64994942]
[-77.64616723]
[-77.72614336]
[-77.70063937]
[-77.73541363]
[-77.76951505]
[-77.65044325]
[-77.70588365]
[-77.92735426]
[-77.71627874]
[-77.64710285]
[-77.7271603]
[-77.74839001]
[-77.86239303]
[-77.68338916]
[-77.56648954]
[-77.68062388]
[-77.70605042]
[-77.77684535]
[-77.69191767]
[-77.83678458]
[-77.66471417]
[-77.69366156]
[-77.58395716]
[-77.87277236]
[-77.60785305]
[-77.60945441]
[-77.56985571]
[-77.76086004]
[-77.93122079]
[-77.78319188]
[-77.79167629]
[-77.68439809]
[-77.83758511]
[-77.64473178]
[-77.87437178]
[-77.77495474]
[-77.60961175]
[-77.73811102]
[-77.72509078]
[-77.66200529]
[-77.7297083]
[-77.75366444]
[-77.76461496]
[-77.90819572]
[-77.577415]
[-77.68418334]
[-77.75554434]
[-77.63867887]
[-77.83134578]
[-77.73842683]
[-77.64804873]
[-77.92062076]
[-77.6952428]
[-77.80245528]
[-77.86345139]
[-77.6341404]
[-77.84289009]
[-77.72970493]
[-77.78132631]
[-77.61394855]
[-77.73971553]
[-77.71678964]
[-77.72972604]
[-77.71639978]
[-77.63162354]
[-77.56760861]
[-77.87743036]
[-77.66742907]
[-77.57073592]
[-77.95976225]
[-77.74525969]
[-77.83827558]
[-77.54294751]
[-77.74464227]
[-77.64306433]
[-77.8362108]
[-77.83767072]
[-77.86429939]
[-77.87400918]
[-77.73487086]
[-77.9310882]
[-77.87070994]
[-77.71542713]
[-77.64373908]
[-77.55490115]
[-77.68578805]
[-77.625577]
[-77.54903299]
[-77.81666189]
[-77.58121256]
[-77.68997747]
[-77.92818237]
[-77.75896546]
[-78.0845689]
[-77.87356255]
[-77.72010187]
[-77.79258072]
[-77.79958647]
[-77.92456622]
[-77.70518029]
[-77.73986815]
[-77.73655286]
[-77.62427711]
[-77.56008789]
[-77.53648921]
[-77.70804599]
[-77.53112867]
[-77.94925376]
[-77.8143738]
[-77.74245887]
[-77.84669454]
[-77.73150259]
[-77.85264974]
[-77.75468991]
[-77.59574368]
[-77.67575055]
[-77.90334811]
[-77.65538859]
[-78.01632998]
[-77.79786488]
[-77.52825367]
[-77.57727777]
[-77.71743739]
[-77.76977259]
[-77.83148344]
[-77.80159511]
[-77.6826823]
[-77.8766621]
[-77.53055227]
[-77.73954074]
[-78.01729915]
[-77.66599262]
[-77.76240299]
[-77.66380922]
[-77.60086042]
[-77.44861593]
[-77.74756129]
[-77.88674413]
[-77.8375132]
[-77.69109565]
[-77.69259105]
[-77.75636819]
[-77.63128545]
[-77.69417442]
[-77.80272425]
[-77.81322756]
[-78.00765891]
[-77.62621167]
[-77.72676644]
[-77.77418818]
[-77.54064992]
[-77.70423429]
[-77.78800418]
[-77.59853353]
[-77.46766833]
[-77.76621892]
[-77.64443847]
[-77.71564452]
[-77.7949519]
[-77.74011213]
[-77.72320438]
[-77.81912436]
[-77.65431229]
[-77.6324247]
[-77.50519399]
[-77.87086648]
[-77.56354698]
[-77.82622275]
[-77.64921735]
[-77.5986009]
[-77.73820071]
[-77.73442801]
[-77.76766599]
[-77.67516306]
[-77.75182005]
[-77.78009806]
[-77.6511218]
[-77.6923574]
[-77.81557223]
[-77.6911416]
[-77.85045539]
[-77.67014784]
[-77.66404419]
[-77.60963622]
[-77.8195444]
[-77.84075244]
[-77.62885925]
[-77.64238293]
[-77.7137826]
[-77.77363079]
[-77.76317602]
[-77.66967177]
[-77.86919514]
[-77.79485531]
[-77.95011396]
[-77.90157608]
[-77.96259271]
[-77.79119036]
[-78.01832776]
[-77.86331807]
[-77.64977968]
[-77.8837074]
[-77.76427212]
[-77.60379109]
[-77.52868759]
[-77.55880267]
[-77.53041304]
[-77.48029129]
[-77.66546758]
[-77.76470795]
[-77.78032891]
[-77.66984404]
[-77.82433666]
[-77.58492839]
[-77.62738556]
[-77.66240913]
[-77.72478838]
[-77.7241073]
[-77.70151487]
[-77.60235583]
[-77.60345522]
[-77.74086499]
[-77.53150727]
[-77.67790123]
[-77.5907666]
[-77.52925981]
[-77.55247981]
[-77.6100879]
[-77.7014989]
[-77.89483963]
[-77.70184432]
[-77.88866955]
[-77.77210815]
[-77.76827225]
[-77.5549861]
[-77.63649582]
[-77.73446126]
[-77.65966996]
[-77.55452164]
[-77.84208684]
[-77.6592335]
[-77.67624115]
[-77.77677595]
[-77.77402426]
[-77.69092671]
[-77.74197767]
[-77.67931897]
[-77.74251964]
[-77.84593045]
[-77.83066247]
[-77.53289239]
[-77.86680015]
[-77.6635532]
[-77.6886803]
[-77.73756664]
[-77.71865707]
[-77.71400757]
[-77.70815364]
[-77.77279775]
[-77.84024879]
[-77.76242179]
[-77.75646853]
[-77.5437569]
[-77.69065051]
[-77.70594257]
[-77.75466106]
[-77.64236629]
[-77.74960505]
[-77.78858181]
[-77.85404989]
[-77.72162198]
[-77.29307205]
[-77.67530314]
[-77.71202888]
[-77.67052353]
[-77.68913144]
[-77.71498671]
[-77.75434994]
[-77.61022101]
[-77.62128625]
[-77.88235962]
[-77.71733284]
[-77.92354938]
[-77.76749329]
[-77.79659134]
[-77.7180503]
[-77.84357427]
[-77.81648934]
[-77.56921938]
[-77.49814545]
[-77.57833488]
[-77.65720754]
[-77.70208127]
[-77.57606904]
[-77.65926478]
[-77.43054249]
[-77.60702354]
[-77.59525636]
[-77.66228765]
[-77.71499419]
[-77.73657334]
[-77.9746205]
[-77.66711167]
[-77.81298675]
[-77.76137197]
[-77.83130301]
[-77.76872304]
[-77.79025156]
[-77.7233112]
[-77.9114177]
[-77.77785074]
[-77.70472691]
[-77.89490166]
[-77.81524878]
[-77.91526274]
[-77.79246207]
[-77.73823523]
[-77.8444575]
[-77.71045495]
[-77.79107224]
[-77.77399063]
[-77.80463921]
[-77.72209444]
[-77.83123188]
[-77.80363736]
[-77.81893566]
[-77.87553215]
[-77.93601]
[-77.81864615]
[-77.79042924]
[-77.88191518]
[-77.81222729]
[-77.74495595]
[-78.0322551]
[-77.79978422]
[-77.83059329]
[-77.84182243]
[-77.52664239]
[-77.7236805]
[-77.72721027]
[-77.72865112]
[-77.88831488]
[-77.71594329]
[-77.84973898]
[-77.57757829]
[-77.71814876]
[-77.81743046]
[-77.77452259]
[-77.66241134]
[-77.71102928]
[-77.62921947]
[-77.82214344]
[-77.79142555]
[-77.92477727]
[-77.56234941]
[-77.65009291]
[-77.67720686]
[-77.69136812]
[-77.73540661]
[-77.75973623]
[-77.58324827]
[-77.83839326]
[-77.71872141]
[-77.93655686]
[-77.91570223]
[-77.86226746]
[-77.60899203]
[-77.91028053]
[-77.78254816]
[-77.8923133]
[-77.82544369]
[-77.88947562]
[-77.95062983]
[-77.82396257]
[-77.90392711]
[-77.8885896]
[-77.6155739]
[-77.70121897]
[-77.4968417]
[-77.76106167]
[-77.78459644]
[-77.79967174]
[-77.79854712]
[-77.97219735]
[-77.70397395]
[-77.73816525]
[-77.61134556]
[-77.95582326]
[-77.80811994]
[-77.85423098]
[-77.71175278]
[-77.57388487]
[-77.60382957]
[-77.67535547]
[-77.93705331]
[-77.86899128]
[-77.8544918]
[-77.82702721]
[-77.74044817]
[-77.72601158]
[-77.81830841]
[-77.62570393]
[-77.7438467]
[-77.78739435]
[-77.67730933]
[-77.7236154]
[-77.63790634]
[-77.53452477]
[-77.81401232]
[-77.64934433]
[-77.68187032]
[-77.78138674]
[-77.79679829]
[-77.81381941]
[-77.80861281]
[-77.90354257]
[-77.68113777]
[-77.86642824]
[-77.88940921]
[-77.80241495]
[-77.73970132]
[-77.68221214]
[-77.74749904]
[-77.76960318]
[-77.87603002]
[-77.77049066]
[-77.59056638]
[-77.82744121]
[-77.85969924]
[-77.82813106]
[-78.01362007]
[-77.72147269]
[-77.67400715]
[-77.68023545]
[-77.68739738]
[-77.6683936]
[-77.87979454]
[-78.01883482]
[-77.95683874]
[-78.06655372]
[-77.8346809]
[-78.09356499]
[-77.9447657]
[-77.98901658]
[-77.79484734]
[-77.70099968]
[-77.97335617]
[-77.67225903]
[-77.78087552]
[-77.72913267]
[-77.88473874]
[-77.8040172]
[-77.78373472]
[-77.66029727]
[-77.70931441]
[-77.62891098]
[-77.86211173]
[-77.90856588]
[-77.77825839]
[-77.89357282]
[-77.95924549]
[-77.85748141]
[-77.95433787]
[-77.65638035]
[-77.66400525]
[-77.56838317]
[-77.72451886]
[-77.56781333]
[-77.8381087]
[-77.69117319]
[-77.70918654]
[-77.61280449]
[-77.63484388]
[-77.78375988]
[-77.73001998]
[-77.79519602]
[-77.73251271]
[-77.50784524]
[-77.76102382]
[-77.70634184]
[-77.59235954]
[-77.90857768]
[-77.60203929]
[-77.79310722]
[-77.69378361]
[-77.65146978]
[-77.68971079]
[-77.67488888]
[-77.5949873]
[-77.50198786]
[-77.62825444]
[-77.48301723]
[-77.60445352]
[-77.85459896]
[-77.68876756]
[-77.60578036]
[-77.70708579]
[-77.64984277]
[-77.59652532]
[-77.96690165]
[-77.85823644]
[-77.96512482]
[-77.96948947]
[-77.78202667]
[-77.91257701]
[-77.90599957]
[-77.76963748]
[-77.70662851]
[-77.62635557]
[-77.72891816]
[-77.59262101]
[-77.61715336]
[-77.81060549]
[-77.74671532]
[-77.79510609]
[-77.60737779]
[-77.70354913]
[-77.77239779]
[-77.85092721]
[-77.64646661]
[-77.86310938]
[-78.03540877]
[-77.85186409]
[-78.03125487]
[-77.91259437]
[-77.85618649]
[-77.84018396]
[-77.83269992]
[-77.87145757]
[-77.71623494]
[-77.77365241]
[-77.63203951]
[-77.82280395]
[-77.82176891]
[-78.05073663]
[-77.83504542]
[-77.7980005]
[-77.8901916]
[-77.77564109]
[-78.03908059]
[-77.71658165]
[-77.5889741]
[-77.70578051]
[-77.76326672]
[-77.63398189]
[-77.7830649]
[-77.72634474]
[-77.53314765]
[-77.53929782]
[-77.4997178]
[-77.58640355]
[-77.83396252]
[-77.93626326]
[-77.74418708]
[-77.9376274]
[-77.78057234]
[-77.8844665]
[-77.911027]
[-77.81368617]
[-77.81609014]
[-77.66558556]
[-77.78974984]
[-77.82032676]
[-77.88103589]
[-77.86697935]
[-78.00579497]
[-77.76418695]
[-77.86463138]
[-77.63435094]
[-77.57480353]
[-77.66417225]
[-77.88089625]
[-78.00077392]
[-77.89772621]
[-77.93270296]
[-77.81241895]
[-77.76360073]
[-77.85321179]
[-77.79847539]
[-77.88746607]
[-77.7550589]
[-77.85241347]
[-77.70361618]
[-77.83298071]
[-77.7535707]
[-77.57912394]
[-77.63421011]
[-77.74797994]
[-77.84098405]
[-77.87294756]
[-77.76568231]
[-77.91092354]
[-77.66432398]
[-77.81047186]
[-77.74246577]
[-77.64514059]
[-77.70311806]
[-77.80471496]
[-77.93609177]
[-77.66866376]
[-77.69179521]
[-77.74737243]
[-77.68222495]
[-77.74193708]
[-77.80586059]
[-77.72279993]
[-77.69793911]
[-77.57902017]
[-77.70432569]
[-77.91436534]
[-77.72068168]
[-77.74681789]
[-77.93938401]
[-78.00803629]
[-77.71294052]
[-77.92272182]
[-77.83647663]
[-77.72934408]
[-77.84384995]
[-77.78927248]
[-77.81657372]
[-78.02819311]
[-77.84620239]
[-77.89252339]
[-77.72376243]
[-77.88144766]
[-77.6253749]
[-77.41468928]
[-77.62059218]
[-77.79505777]
[-77.69599761]
[-77.9354882]
[-77.52897449]
[-77.79743452]
[-77.89698333]
[-78.00314039]
[-77.87381636]
[-77.73499519]
[-77.86917465]
[-77.77802919]
[-77.89750767]
[-77.84297013]
[-77.84084004]
[-77.46534398]
[-77.65307252]
[-77.61502407]
[-77.78319309]
[-77.8887544]
[-77.8992127]
[-77.96562149]
[-77.93013827]
[-77.96796991]
[-77.74426002]
[-77.82616388]
[-77.74205469]
[-78.0585311]
[-77.77277931]
[-77.88875303]
[-77.78590921]
[-77.92592335]
[-77.86933922]
[-77.81856413]
[-77.85650731]
[-77.65383785]
[-77.80076463]
[-77.70029327]
[-77.6658516]
[-77.71439932]
[-77.73935796]
[-77.68712239]
[-77.67176776]
[-77.70153718]
[-77.76093313]
[-77.89495389]
[-77.70149715]
[-77.82603157]
[-77.73529318]
[-77.73724785]
[-77.72667981]
[-77.78025599]
[-77.81629926]
[-77.76189826]
[-77.61780021]
[-77.85382111]
[-77.96304752]
[-77.71493381]
[-77.63240678]
[-77.52769496]
[-77.68298381]
[-77.80999579]
[-77.74436403]
[-77.73067409]
[-77.76553066]
[-77.61525147]
[-77.66567831]
[-77.77346725]
[-77.60461652]
[-77.80056041]
[-77.73681768]
[-77.62477781]
[-77.90311739]
[-77.78060786]
[-77.75009102]
[-77.83519822]
