[-70.5420278]
[-70.35328094]
[-70.60881486]
[-70.50125302]
[-70.69359397]
[-70.57429175]
[-70.59301175]
[-70.64004293]
[-70.68016141]
[-70.55531431]
[-70.53236689]
[-70.45161057]
[-70.4662651]
[-70.46378341]
[-70.21751018]
[-70.58421517]
[-70.69134203]
[-70.41711453]
[-70.36517836]
[-70.58140529]
[-70.5016612]
[-70.39912957]
[-70.47132878]
[-70.41775549]
[-70.4187136]
[-70.4367703]
[-70.44673846]
[-70.49435736]
[-70.63773834]
[-70.70447027]
[-70.61010554]
[-70.73294864]
[-70.59290969]
[-70.66196895]
[-70.56865937]
[-70.71376867]
[-70.64774464]
[-70.54865887]
[-70.58494307]
[-70.39031632]
[-70.5388822]
[-70.44331196]
[-70.69724352]
[-70.74820368]
[-70.56508102]
[-70.65222364]
[-70.67946709]
[-70.63754051]
[-70.54809503]
[-70.62724155]
[-70.40010839]
[-70.57177161]
[-70.62725335]
[-70.85413922]
[-70.69150171]
[-70.73637862]
[-70.75133758]
[-70.66136279]
[-70.73661699]
[-70.75926654]
[-70.81572063]
[-70.65922734]
[-70.50684333]
[-70.60084341]
[-70.8046737]
[-70.69257272]
[-70.67078163]
[-70.65922652]
[-70.5923076]
[-70.36778251]
[-70.51452547]
[-70.5290457]
[-70.69446637]
[-70.50455314]
[-70.66322613]
[-70.49808453]
[-70.60884722]
[-70.8296184]
[-70.53965326]
[-70.42155166]
[-70.7962571]
[-70.65834914]
[-70.43806135]
[-70.78976343]
[-70.72012669]
[-70.55291309]
[-70.61884832]
[-70.52847198]
[-70.67708281]
[-70.79762678]
[-70.53753454]
[-70.54880998]
[-70.57912072]
[-70.62309088]
[-70.41565031]
[-70.47788857]
[-70.51243989]
[-70.36664365]
[-70.3463974]
[-70.60002159]
[-70.52849563]
[-70.5663758]
[-70.53370312]
[-70.51329686]
[-70.54869031]
[-70.73636927]
[-70.72287564]
[-70.72386905]
[-70.63371107]
[-70.73730325]
[-70.48106321]
[-70.75490344]
[-70.48669939]
[-70.54468487]
[-70.58827663]
[-70.47706167]
[-70.43813331]
[-70.55808521]
[-70.61420946]
[-70.57444476]
[-71.2346543]
[-70.66237558]
[-70.72188631]
[-70.42705058]
[-70.61509281]
[-71.02683711]
[-70.57716967]
[-70.52634661]
[-70.6074444]
[-70.85914518]
[-70.54833449]
[-70.70125118]
[-70.55785413]
[-70.6991348]
[-70.46964896]
[-70.63172633]
[-70.55597523]
[-70.64784561]
[-70.58068857]
[-70.65387277]
[-70.47231474]
[-70.78282893]
[-70.78936555]
[-70.72648119]
[-70.49832806]
[-70.82294419]
[-70.64639429]
[-70.62987303]
[-70.491981]
[-70.56167216]
[-70.57810722]
[-70.4218955]
[-70.54257682]
[-70.6657648]
[-70.51734645]
[-70.58502383]
[-70.39897675]
[-70.54086911]
[-70.72367321]
[-70.61029937]
[-70.54399133]
[-70.55634444]
[-70.44126818]
[-70.63518076]
[-70.57375815]
[-70.71570794]
[-70.54689219]
[-70.48408616]
[-70.60984081]
[-70.733007]
[-70.68595773]
[-70.59961243]
[-70.60278847]
[-70.69817227]
[-70.59181369]
[-70.67121101]
[-70.56495213]
[-70.59443506]
[-70.51675894]
[-70.72717526]
[-70.65865943]
[-70.58906712]
[-70.58632171]
[-70.56448329]
[-70.5241567]
[-70.69457479]
[-70.70619145]
[-70.63849782]
[-70.47409683]
[-70.76230986]
[-70.67380454]
[-70.61125051]
[-70.56806248]
[-70.59905062]
[-70.79500889]
[-70.79089702]
[-70.79908996]
[-70.58451832]
[-70.54345667]
[-70.35783198]
[-70.64511072]
[-70.39012416]
[-70.58668973]
[-70.61457042]
[-70.4523854]
[-70.56641939]
[-70.60771867]
[-70.64042173]
[-70.50061244]
[-70.96874736]
[-70.4846902]
[-70.5474649]
[-70.47732172]
[-70.49746139]
[-70.66317987]
[-70.70539399]
[-70.4246659]
[-70.73624064]
[-70.8456429]
[-70.69508904]
[-70.55236173]
[-70.52929155]
[-70.51318726]
[-70.52266331]
[-70.65915449]
[-70.63868382]
[-70.56262482]
[-70.58240059]
[-70.83184944]
[-70.63779102]
[-70.67419098]
[-70.67364067]
[-70.59099421]
[-70.46039635]
[-70.6691781]
[-70.51530026]
[-70.53499277]
[-70.77897139]
[-70.55423592]
[-70.58772168]
[-70.47152304]
[-70.4515733]
[-70.71645244]
[-70.52472167]
[-70.40171735]
[-70.60589469]
[-70.62772959]
[-70.51460643]
[-70.69967493]
[-70.50944485]
[-70.54926385]
[-70.47366142]
[-70.7085545]
[-70.5948767]
[-70.57096065]
[-70.51687966]
[-70.57987197]
[-70.57640776]
[-70.53957851]
[-70.47178447]
[-70.50711961]
[-70.62658445]
[-70.67562294]
[-70.6769549]
[-70.6374561]
[-70.70366351]
[-70.86366636]
[-70.87439294]
[-70.76870542]
[-70.7040561]
[-70.64852835]
[-70.61455309]
[-70.60032137]
[-70.62597871]
[-70.53852484]
[-70.50776814]
[-70.77299501]
[-70.65309263]
[-70.47889811]
[-70.58836861]
[-70.86353703]
[-70.8260858]
[-70.56617817]
[-70.52953655]
[-70.71317191]
[-70.52781127]
[-70.64846471]
[-70.60878636]
[-70.55862623]
[-70.55677709]
[-70.61847113]
[-70.8058607]
[-70.64743002]
[-70.60114663]
[-70.66205612]
[-70.59536079]
[-70.42066884]
[-70.51464127]
[-70.57377149]
[-70.55958406]
[-70.60888225]
[-70.52338692]
[-71.10934364]
[-70.59467084]
[-70.83580821]
[-70.57203146]
[-70.63762982]
[-70.99064258]
[-70.54477615]
[-70.6007018]
[-70.61295934]
[-70.57837436]
[-70.50775148]
[-70.56459857]
[-70.80635567]
[-70.59357639]
[-70.6631019]
[-70.77192812]
[-70.57529115]
[-70.57040936]
[-70.72535911]
[-70.71752168]
[-70.55263204]
[-70.73130914]
[-70.42956467]
[-70.63083258]
[-70.66543254]
[-70.62284317]
[-70.51345808]
[-70.67713248]
[-70.47239181]
[-70.60759194]
[-70.69972289]
[-70.5351392]
[-70.51227319]
[-70.66395057]
[-70.68614263]
[-70.67768921]
[-70.55469516]
[-70.6745731]
[-70.70501936]
[-70.62047109]
[-70.67590644]
[-70.58709239]
[-70.52223776]
[-70.4131944]
[-70.63852477]
[-70.74011244]
[-70.67660773]
[-70.72266223]
[-70.51760134]
[-70.60483034]
[-70.75972264]
[-70.79651986]
[-70.6096081]
[-70.57557483]
[-70.7556122]
[-70.61648267]
[-70.62558277]
[-70.59667331]
[-70.59957766]
[-70.51350112]
[-70.51392049]
[-70.63529112]
[-70.55343684]
[-70.56061623]
[-70.59137008]
[-70.5891976]
[-70.53299172]
[-70.65133944]
[-70.43635386]
[-70.50215417]
[-70.68177276]
[-70.6415329]
[-70.78137217]
[-70.57492964]
[-70.61678227]
[-70.62656146]
[-70.73271612]
[-70.73267509]
[-70.52791914]
[-70.7282167]
[-70.51221027]
[-70.4690012]
[-70.63368753]
[-70.68969704]
[-70.74051884]
[-70.5842723]
[-70.47138618]
[-70.61038552]
[-70.74476595]
[-70.56688176]
[-70.4753095]
[-70.31322187]
[-70.53980393]
[-70.82271971]
[-70.69492409]
[-70.64366678]
[-70.63824064]
[-70.73831787]
[-70.59883804]
[-70.68352131]
[-70.47951507]
[-70.60829876]
[-70.69624288]
[-70.75262857]
[-70.70383759]
[-70.54642285]
[-70.67504341]
[-70.49410701]
[-70.54933244]
[-70.61229522]
[-70.4803418]
[-70.56424721]
[-70.73182467]
[-70.5015466]
[-70.55746775]
[-70.67232404]
[-70.76057682]
[-70.67125432]
[-70.58813886]
[-70.52938756]
[-70.67407015]
[-70.79270072]
[-70.64553302]
[-70.73148644]
[-70.62456126]
[-70.67999034]
[-70.49151778]
[-70.60451993]
[-70.54814065]
[-70.5228376]
[-70.59193227]
[-70.66531666]
[-70.72479923]
[-70.58321433]
[-70.85992257]
[-70.45879188]
[-70.77359681]
[-70.6457081]
[-70.74138909]
[-70.71406582]
[-70.60854276]
[-70.56585475]
[-70.69961532]
[-70.4965666]
[-70.86416991]
[-70.59830578]
[-70.69299329]
[-70.36374372]
[-70.57776733]
[-70.85480165]
[-70.56631027]
[-70.62758776]
[-70.49041592]
[-70.7752619]
[-70.59983923]
[-70.5791329]
[-70.75733645]
[-70.76277233]
[-70.53293394]
[-70.60872448]
[-70.67469032]
[-70.66904643]
[-70.56687403]
[-70.55965307]
[-70.65046411]
[-70.59255223]
[-70.54784443]
[-70.76655055]
[-70.74558214]
[-70.6353324]
[-70.65363952]
[-70.6072582]
[-70.46765834]
[-71.07568075]
[-70.49879875]
[-70.56016975]
[-70.54699541]
[-70.51397793]
[-70.57219246]
[-70.80413257]
[-70.52174387]
[-70.60551685]
[-70.65592609]
[-70.52809269]
[-70.58861315]
[-70.77725393]
[-70.83605001]
[-70.89330901]
[-70.69237546]
[-70.72217689]
[-70.66030917]
[-70.79068892]
[-71.13592911]
[-70.65849485]
[-70.86452821]
[-70.87184034]
[-70.47127007]
[-70.58229765]
[-70.81570348]
[-70.79287561]
[-70.68910744]
[-70.58738782]
[-70.814185]
[-70.54992973]
[-70.76439113]
[-70.5985074]
[-70.56744327]
[-70.45205214]
[-70.71139705]
[-70.76753188]
[-70.61117532]
[-70.70883976]
[-70.7773201]
[-70.60599434]
[-70.80513547]
[-70.62491457]
[-70.51259267]
[-70.74329615]
[-70.79432949]
[-70.65767767]
[-70.70732603]
[-70.62044131]
[-70.61749107]
[-70.48229809]
[-70.50024997]
[-70.68932781]
[-70.45395653]
[-70.591511]
[-70.49289629]
[-70.71923066]
[-70.51695152]
[-70.64796392]
[-70.73644486]
[-70.42772144]
[-70.6206595]
[-70.75481267]
[-70.63885177]
[-70.77326088]
[-70.74155247]
[-70.59146567]
[-70.55105733]
[-70.60267825]
[-70.57500652]
[-70.81343297]
[-70.63345801]
[-70.52015688]
[-70.75514757]
[-70.47403287]
[-70.72841588]
[-70.5287093]
[-70.65575232]
[-70.48696632]
[-70.62457697]
[-70.75090832]
[-70.58924208]
[-70.66087778]
[-70.75174886]
[-70.42474939]
[-70.55384673]
[-70.84700807]
[-70.49938452]
[-70.65785275]
[-70.4947135]
[-70.6584546]
[-70.58201244]
[-70.52422552]
[-70.64822805]
[-71.21517884]
[-70.41937435]
[-70.71117604]
[-70.85882348]
[-70.71093033]
[-71.22437356]
[-70.71845652]
[-70.71472801]
[-70.73539375]
[-70.68509733]
[-70.71631991]
[-70.63470429]
[-70.51440127]
[-70.48645792]
[-70.56093049]
[-70.62997542]
[-70.50231451]
[-70.7169981]
[-70.65160661]
[-70.62243471]
[-70.75105325]
[-70.45978076]
[-70.54111972]
[-70.70180685]
[-70.67391183]
[-70.67364818]
[-70.66633815]
[-70.77475058]
[-70.73566599]
[-70.5729827]
[-70.50271953]
[-70.54289119]
[-70.62193493]
[-70.5633892]
[-70.58537697]
[-70.55560692]
[-70.42467955]
[-70.65387268]
[-70.58389704]
[-70.61281252]
[-70.75854097]
[-70.65951347]
[-70.54648011]
[-70.54003488]
[-70.87517776]
[-70.71250339]
[-70.74690815]
[-70.58135539]
[-70.8240686]
[-70.7464844]
[-70.46311201]
[-70.70006296]
[-70.6692715]
[-70.53759145]
[-70.49356746]
[-70.67816806]
[-70.49618176]
[-70.49844494]
[-70.62251126]
[-70.6510642]
[-70.66225001]
[-70.76435693]
[-70.79083943]
[-70.83020073]
[-70.49301033]
[-70.61306541]
[-70.4875942]
[-70.62108408]
[-70.75345726]
[-70.72151048]
[-70.92093938]
[-70.66451497]
[-70.72766952]
[-70.77250486]
[-70.94013357]
[-70.73093659]
[-70.60701418]
[-70.63491878]
[-70.90728792]
[-70.72689117]
[-70.63919379]
[-70.67120293]
[-70.80452785]
[-70.74024366]
[-70.69516307]
[-70.7764636]
[-70.78981239]
[-70.63082061]
[-70.67696652]
[-70.62130355]
[-70.55572224]
[-70.59269871]
[-70.78531298]
[-70.60949131]
[-70.6652765]
[-70.78296121]
[-70.72869454]
[-70.77082319]
[-70.67503584]
[-70.666626]
[-70.55498837]
[-70.75263052]
[-70.59587448]
[-70.72397926]
[-70.72090642]
[-70.80066008]
[-70.59249727]
[-70.61649322]
[-70.74257353]
[-70.70395933]
[-70.66096834]
[-70.49246943]
[-70.60850255]
[-70.7912098]
[-70.460414]
[-70.54437666]
[-70.64109115]
[-70.69635047]
[-70.58609101]
[-70.69134755]
[-70.57385395]
[-70.688056]
[-70.77211424]
[-70.80483607]
[-70.57782211]
[-70.62311154]
[-70.68476121]
[-70.59396062]
[-70.58731517]
[-70.66944118]
[-70.54267285]
[-70.60218227]
[-70.74116976]
[-70.49577441]
[-70.54190805]
[-70.68119411]
[-70.61109731]
[-70.77717569]
[-70.58351887]
[-70.76224921]
[-70.67747213]
[-70.64538125]
[-70.81125014]
[-70.66646808]
[-70.75831688]
[-70.69946261]
[-70.5680239]
[-70.59900795]
[-70.78484567]
[-70.66301875]
[-70.81972752]
[-70.7496941]
[-70.52255854]
[-70.72427727]
[-70.81956718]
[-70.64414124]
[-70.54874757]
[-70.7640687]
[-70.78950087]
[-70.80427572]
[-70.56932545]
[-70.70779781]
[-70.58104491]
[-70.76752935]
[-71.23285461]
[-70.5131346]
[-70.57877121]
[-70.82291366]
[-70.69618707]
[-70.65645592]
[-70.49871964]
[-70.62791063]
[-70.55809247]
[-70.6158996]
[-71.0955075]
[-70.45324253]
[-70.55508784]
[-70.71121145]
[-70.63972942]
[-71.23363849]
[-70.61915724]
[-70.64113884]
[-70.64066302]
[-70.6082344]
[-70.69757431]
[-70.45541104]
[-70.58888297]
[-70.73340377]
[-70.66376825]
[-70.53791562]
[-70.60914155]
[-70.65997075]
[-70.66366711]
[-70.54220053]
[-70.60439605]
[-70.62934645]
[-70.74539007]
[-70.67540585]
[-70.73573068]
[-70.48127871]
[-70.4638644]
[-70.75532096]
[-70.71450631]
[-70.51083133]
[-70.78337876]
[-70.69047767]
[-70.60397498]
[-70.5430438]
[-70.61415637]
[-70.47623557]
[-70.63751887]
[-70.42046428]
[-70.61843372]
[-70.66525296]
[-70.83527754]
[-70.72190393]
[-70.73017558]
[-70.54019963]
[-70.70088124]
[-70.43187725]
[-70.68672595]
[-70.73632061]
[-70.8195749]
[-70.6896733]
[-70.72517194]
[-70.5719448]
[-70.58345833]
[-70.64113402]
[-70.58843862]
[-70.61139579]
[-70.65188805]
[-70.56500448]
[-70.39272485]
[-70.53212824]
[-70.7290841]
[-70.5158688]
[-70.51442906]
[-70.65660598]
[-70.48651996]
[-70.58269521]
[-70.56165786]
[-70.34855872]
[-70.42605165]
[-70.63462243]
[-70.74381961]
[-70.7037799]
[-70.65662823]
[-70.64268588]
[-70.88372106]
[-70.68548605]
[-70.68196857]
[-70.56625744]
[-70.54968771]
[-70.60101539]
[-70.67270211]
[-70.66896816]
[-70.69674157]
[-70.62413171]
[-70.52884244]
[-70.74653494]
[-70.74013329]
[-70.67283801]
[-70.65921927]
[-70.66799845]
[-70.91958158]
[-70.69153524]
[-70.72233677]
[-70.66760265]
[-70.72935342]
[-70.80185892]
[-70.68191652]
[-70.70823666]
[-70.68748825]
[-70.69144277]
[-70.85474814]
[-70.74362525]
[-70.98610222]
[-70.45628559]
[-70.59927725]
[-70.56289948]
[-70.6875363]
[-70.51896938]
[-70.73040838]
[-70.72203851]
[-70.45348732]
[-70.69274428]
[-70.547859]
[-70.46982262]
[-70.70482031]
[-70.68472614]
[-70.56934981]
[-70.93711361]
[-70.84111907]
[-70.74070282]
[-70.65545845]
[-70.60906677]
[-70.99970902]
[-70.68271517]
[-70.68605594]
[-70.5679772]
[-70.74126088]
[-70.70997233]
[-70.79658576]
[-70.67985306]
[-70.81324688]
[-70.61193879]
[-70.46939867]
[-70.72992219]
[-70.41166776]
[-70.77641491]
[-70.65262906]
[-70.81369752]
[-70.79801616]
[-70.6262793]
[-70.65543482]
[-70.62978859]
[-70.64858392]
[-70.75282417]
[-70.64329561]
[-70.65325112]
[-70.80967311]
[-70.77888891]
[-70.68430366]
[-70.73969636]
[-70.59110499]
[-70.61290576]
[-70.52005999]
[-70.60431865]
[-70.67061955]
[-70.49557801]
[-70.7112227]
[-70.70174423]
[-70.6900929]
[-70.93267788]
[-70.65695599]
[-70.69295984]
[-70.43955146]
[-70.79640525]
[-70.7453514]
[-70.75843519]
[-70.70666779]
[-70.60953703]
[-70.77142619]
[-70.61455199]
[-70.77010125]
[-70.55717008]
[-70.45359985]
[-70.64730037]
[-70.60783592]
[-70.60007608]
[-70.76006394]
[-70.79776753]
[-71.30591997]
[-70.73809645]
[-70.67377799]
[-70.80946988]
[-70.92156269]
[-70.66013183]
[-70.64178217]
[-70.70080543]
[-71.07768786]
[-70.67471314]
[-70.62660113]
[-70.66320485]
[-70.76904626]
[-70.59949779]
[-70.51663084]
[-70.52501421]
[-70.58189779]
[-70.76097541]
[-70.54054898]
[-70.63288392]
[-70.78077451]
[-70.61420507]
[-70.72556111]
[-70.67718966]
[-70.6307271]
[-70.6768693]
[-70.73252638]
[-70.60351061]
[-70.40216635]
[-70.87996116]
[-70.73467198]
[-70.68873707]
[-70.76389129]
[-70.8043776]
[-70.73784014]
[-70.65106831]
[-70.6780738]
[-70.7677727]
[-70.5962]
[-70.7786414]
[-70.79769405]
[-70.63299391]
[-70.49697979]
[-70.62662621]
[-70.67346352]
[-70.72069304]
[-70.69271902]
[-70.74776596]
[-70.53510656]
[-70.71501576]
[-70.6432519]
[-70.59994657]
[-70.62815217]
[-70.57029968]
[-70.47323906]
[-70.68734793]
[-70.61582296]
[-70.35904189]
[-70.72314229]
[-70.67352058]
[-70.75038309]
[-70.59653753]
[-70.59543786]
[-70.3730754]
[-70.46041957]
[-70.52014372]
[-70.78799074]
[-70.71436869]
[-70.4974556]
[-70.64956555]
[-70.65808074]
[-70.44971431]
[-70.59274883]
[-70.42614127]
[-70.51082744]
[-70.49746489]
[-70.52277271]
[-70.66844433]
[-70.66821623]
[-70.52789905]
[-70.78400238]
[-70.63427305]
[-70.62123157]
[-70.78653775]
[-70.76499305]
[-70.6212573]
[-70.79776254]
[-70.60357899]
[-70.82621903]
[-70.74833546]
[-70.71987028]
[-70.68440013]
[-70.57926814]
[-70.68238303]
[-70.63365927]
[-70.53690991]
[-70.61646673]
[-70.54599745]
[-70.76505794]
[-70.57375851]
[-70.71625852]
[-70.78328769]
[-70.84818664]
[-70.49581696]
[-70.90105533]
[-70.66766188]
[-70.57829271]
[-70.7101359]
[-70.44474897]
[-70.65286774]
[-70.70167806]
[-70.76017851]
[-70.92792606]
[-70.54328313]
[-70.47988832]
[-70.85584287]
[-70.57902599]
[-70.70658278]
[-70.51011406]
[-70.80636342]
[-70.60643343]
[-70.65608077]
[-70.58616357]
[-70.75877182]
[-70.77552749]
[-70.70236511]
[-70.56892596]
[-70.72011633]
[-70.61368767]
[-70.56277484]
[-70.60802278]
[-70.52362421]
[-70.78769296]
[-70.69052952]
[-70.6105868]
[-70.95681404]
[-70.61077728]
[-70.44938598]
[-70.7674287]
[-70.61819613]
[-70.7757538]
[-70.54065937]
[-70.7670272]
[-70.99984347]
[-70.56347471]
[-70.80116158]
[-70.52272762]
[-70.74436375]
[-70.77722579]
[-70.66426294]
[-70.60216586]
[-70.6209263]
[-70.49558056]
[-70.66282907]
[-70.66950634]
[-70.75487056]
[-70.65083275]
[-70.86106614]
[-70.8013274]
[-70.86496381]
[-70.65174429]
[-70.85402899]
[-70.58154693]
[-70.72408652]
[-70.70166597]
[-70.83746578]
[-70.61737458]
[-70.70524416]
[-70.75001064]
[-70.62662729]
[-70.46148707]
[-70.84439191]
[-70.69231102]
[-70.6803574]
[-70.74401602]
[-70.60505558]
[-70.45138135]
[-70.47947041]
[-70.73703483]
[-70.70404581]
[-70.66282941]
[-70.52687311]
[-70.58294566]
[-70.94604806]
[-70.8137772]
[-70.82228705]
[-70.69312812]
[-70.46203899]
[-70.54817938]
[-70.73456902]
[-70.87228781]
[-70.69006747]
[-71.25945899]
[-70.7247034]
[-70.81997472]
[-70.52115103]
[-70.77358122]
[-70.76770294]
[-70.67997924]
[-70.56876041]
[-70.60405111]
[-70.74991612]
[-70.64607781]
[-70.65979524]
[-70.6103983]
[-70.66794399]
[-70.55735234]
[-70.74881449]
[-70.63515965]
[-70.47280788]
[-70.59946001]
[-70.54659526]
[-70.63952282]
[-70.62508492]
[-70.76146868]
[-70.55859699]
[-70.61558989]
[-70.7020566]
[-70.64803166]
[-70.78374054]
[-70.5708885]
[-70.7498728]
[-70.6727471]
[-70.66492548]
[-70.81462885]
[-70.81935647]
[-70.8527842]
[-70.62797869]
[-70.66787345]
[-70.62451888]
[-70.64436528]
[-70.79970927]
[-70.6312246]
[-70.73852194]
[-70.57335251]
[-70.66376127]
[-70.72136097]
[-70.5531575]
[-70.81153461]
[-70.5384253]
[-70.67988265]
[-70.63203599]
[-70.63225527]
[-70.82408858]
[-70.66514789]
[-70.62944415]
[-70.5327773]
[-70.64674549]
[-70.81077248]
[-70.72091971]
[-70.62456627]
[-70.66767299]
[-70.70688346]
[-70.69045784]
[-70.51626408]
[-70.60972684]
[-70.4688641]
[-70.57872073]
[-70.59494247]
[-70.70445284]
[-70.59357596]
[-70.50209826]
[-70.67263443]
[-70.6675294]
[-70.56197386]
[-70.57047765]
[-70.68435444]
[-70.65857557]
[-70.5805382]
[-70.50509154]
[-70.61489472]
[-70.6998786]
[-70.69370461]
[-70.61517721]
[-70.65718384]
[-70.67913103]
[-70.85808075]
[-70.6958516]
[-70.73614028]
