[-84.91103699]
[-85.36825055]
[-84.93671429]
[-84.79799943]
[-84.8978172]
[-84.62250399]
[-84.77629657]
[-84.7923784]
[-84.99659253]
[-84.85366164]
[-85.44393614]
[-85.26310678]
[-84.32147223]
[-84.82434375]
[-84.92837808]
[-84.84866931]
[-84.87186779]
[-84.81450213]
[-84.9788493]
[-84.96236626]
[-84.76579573]
[-84.61547784]
[-84.8085005]
[-84.93614623]
[-85.0914226]
[-84.95869191]
[-84.86583399]
[-85.10131731]
[-85.3155797]
[-85.48291771]
[-85.43853183]
[-85.22768175]
[-85.08194652]
[-84.73684717]
[-84.95416564]
[-84.94662679]
[-85.19074321]
[-84.92203238]
[-84.92591777]
[-84.81485623]
[-85.10272717]
[-85.30488915]
[-84.97914486]
[-84.89065231]
[-84.92417202]
[-85.04577074]
[-85.28556827]
[-85.6167841]
[-85.56403202]
[-85.55787012]
[-85.39190215]
[-85.31449242]
[-84.81431386]
[-85.05388412]
[-85.18820735]
[-85.10390599]
[-84.98261071]
[-84.95995977]
[-85.15350822]
[-85.54419271]
[-85.48683955]
[-85.12772671]
[-85.16620928]
[-85.02269233]
[-85.14480694]
[-85.2062664]
[-85.31318848]
[-85.28477371]
[-84.93848893]
[-84.92149675]
[-84.87280425]
[-85.10083619]
[-84.97015258]
[-84.86217695]
[-84.98859972]
[-85.1431249]
[-84.72212593]
[-85.19574076]
[-85.16685932]
[-85.07622022]
[-85.40670322]
[-85.30959866]
[-85.07632819]
[-85.07196035]
[-84.89330428]
[-84.9729122]
[-85.02324526]
[-85.19732602]
[-84.94892446]
[-85.25519581]
[-85.36855298]
[-85.43499189]
[-85.39639793]
[-85.44223302]
[-85.24587251]
[-85.198328]
[-84.99677651]
[-85.14512635]
[-85.21818534]
[-85.36181353]
[-85.19794358]
[-84.96020246]
[-85.04700913]
[-85.05004566]
[-85.42224215]
[-85.48692096]
[-85.20326922]
[-85.15763938]
[-84.81434972]
[-85.08018909]
[-84.9891961]
[-84.99925804]
[-85.02427167]
[-85.14126054]
[-85.43333221]
[-85.25922027]
[-85.2734442]
[-85.28384046]
[-85.04956965]
[-85.13151585]
[-85.0005924]
[-84.89412]
[-85.0471045]
[-85.33591806]
[-85.49047897]
[-85.5988149]
[-85.32401323]
[-85.61138592]
[-85.49499518]
[-85.45791046]
[-85.29097]
[-85.33232876]
[-85.59688161]
[-85.58079594]
[-85.33344018]
[-85.40185911]
[-85.1560077]
[-85.50575603]
[-85.49833229]
[-85.78896079]
[-85.5994156]
[-85.67115254]
[-85.47074973]
[-85.23317976]
[-84.77188909]
[-85.36587104]
[-85.23753617]
[-85.23860042]
[-85.19506141]
[-85.07201986]
[-85.01171356]
[-85.11664582]
[-85.03091887]
[-84.93188855]
[-85.18818277]
[-85.159891]
[-85.06190025]
[-85.16616837]
[-85.48142946]
[-85.41017878]
[-85.28274564]
[-85.30655851]
[-85.54023005]
[-85.50156665]
[-85.47051049]
[-85.41398058]
[-85.53712193]
[-85.25950923]
[-85.06671962]
[-85.2388316]
[-85.3712596]
[-84.77604043]
[-84.73756082]
[-84.86550788]
[-85.13051939]
[-85.12205517]
[-85.1475707]
[-85.45495918]
[-85.33263369]
[-85.15529794]
[-85.18391668]
[-85.15705408]
[-85.50255144]
[-85.24275908]
[-85.30961024]
[-85.12130689]
[-85.37147697]
[-85.36713578]
[-85.014181]
[-84.92826584]
[-84.92787]
[-85.33398065]
[-85.2398509]
[-85.21472035]
[-85.02907527]
[-85.20320609]
[-85.41522843]
[-85.56566897]
[-85.0777071]
[-85.04295155]
[-85.19637135]
[-85.20801701]
[-84.91448642]
[-85.12333098]
[-85.16414976]
[-85.21580689]
[-85.00208273]
[-85.02207731]
[-84.90924383]
[-85.04839117]
[-84.7970719]
[-84.66672248]
[-84.74282698]
[-85.04659553]
[-84.91414447]
[-85.05389743]
[-84.92594127]
[-85.01507987]
[-85.1421883]
[-85.01164393]
[-85.14145805]
[-85.1475162]
[-85.00220693]
[-85.24517202]
[-85.02513709]
[-85.28356718]
[-85.1824516]
[-85.06890858]
[-84.75468403]
[-84.80195111]
[-85.1259714]
[-85.04133447]
[-85.19535036]
[-84.91073038]
[-85.07079143]
[-85.30706495]
[-84.89971181]
[-85.35741714]
[-85.40581708]
[-85.49525493]
[-85.61624041]
[-85.57593283]
[-85.28228875]
[-85.28962173]
[-85.13651007]
[-85.40689193]
[-85.2114521]
[-85.24652226]
[-85.16203812]
[-84.95116439]
[-85.07051075]
[-84.98538485]
[-85.08576402]
[-85.1944441]
[-85.43656686]
[-85.09427201]
[-84.94976759]
[-85.05216144]
[-85.05083976]
[-85.08513856]
[-84.95480797]
[-85.18145958]
[-85.18636348]
[-85.48686345]
[-85.14157342]
[-85.12952076]
[-84.81385256]
[-85.35691115]
[-84.90334634]
[-84.96030567]
[-84.88869918]
[-84.97661514]
[-84.91240063]
[-84.99048441]
[-85.17727526]
[-85.07120448]
[-84.86924688]
[-84.99822582]
[-85.23175829]
[-85.46375269]
[-85.29102474]
[-85.43659645]
[-85.5241066]
[-85.46796282]
[-85.29254533]
[-85.07389123]
[-85.23566352]
[-85.14118131]
[-85.09086527]
[-85.07808278]
[-85.17799511]
[-85.17701592]
[-85.00060278]
[-84.98011651]
[-85.08939049]
[-85.07128616]
[-85.04354462]
[-85.26066566]
[-85.07510329]
[-84.99250283]
[-84.629415]
[-85.1353971]
[-84.99190546]
[-85.10479219]
[-85.47252865]
[-85.26398175]
[-85.45656162]
[-85.31705182]
[-85.24852145]
[-85.06689566]
[-84.75726287]
[-85.09111864]
[-84.92616786]
[-84.65784511]
[-84.71602671]
[-84.89359561]
[-84.99890017]
[-85.25383965]
[-85.03901013]
[-85.01909443]
[-85.35121195]
[-85.1637714]
[-85.15249165]
[-85.47627704]
[-85.29510451]
[-85.13515059]
[-85.21780915]
[-85.26315636]
[-85.15296118]
[-85.19883795]
[-84.94776827]
[-84.80829891]
[-84.94608027]
[-84.87123588]
[-85.0733445]
[-85.11443292]
[-85.37161598]
[-85.18583497]
[-85.30693451]
[-85.32413685]
[-85.24049978]
[-85.1153564]
[-85.1741817]
[-85.23485397]
[-85.2776878]
[-85.55233579]
[-85.5757549]
[-85.40703346]
[-84.96487982]
[-85.1172338]
[-85.03157193]
[-84.98646454]
[-85.14577966]
[-84.76882724]
[-84.75741283]
[-84.91193124]
[-85.09140032]
[-84.86345868]
[-85.10016269]
[-85.19931744]
[-84.91510948]
[-85.21682285]
[-85.39053851]
[-85.35923128]
[-85.20716103]
[-85.16888857]
[-85.22026336]
[-85.30489799]
[-85.22020673]
[-85.37986921]
[-85.05301435]
[-85.22081035]
[-85.0996547]
[-85.00656179]
[-85.15505255]
[-85.06839684]
[-85.26388521]
[-85.30708277]
[-85.17809958]
[-85.10174024]
[-85.26769325]
[-84.99559181]
[-85.18792683]
[-85.15079119]
[-85.18874559]
[-85.26883354]
[-85.43590817]
[-85.37275316]
[-85.33097264]
[-85.31956249]
[-84.99981058]
[-85.03728672]
[-85.29492956]
[-85.14913355]
[-85.23927274]
[-85.32465461]
[-85.36466209]
[-85.32376032]
[-85.27536982]
[-85.22883713]
[-85.49473375]
[-85.28308546]
[-85.02042765]
[-85.10997252]
[-85.38138175]
[-85.20479334]
[-85.13619863]
[-84.99886487]
[-84.92371283]
[-85.18026142]
[-85.14007406]
[-85.01637459]
[-85.1236176]
[-85.29060094]
[-85.19450666]
[-85.13631276]
[-85.28891687]
[-85.20633159]
[-85.33884986]
[-85.19827595]
[-85.03476229]
[-85.12508285]
[-85.13738555]
[-85.27636208]
[-85.17695654]
[-85.38991205]
[-85.1660642]
[-85.16547117]
[-85.29783929]
[-85.38484992]
[-85.49777394]
[-85.62634964]
[-85.56512235]
[-85.55686412]
[-85.47884656]
[-85.46811498]
[-85.38800541]
[-85.50329453]
[-85.23316772]
[-85.25673595]
[-85.38388183]
[-85.21225499]
[-85.12811263]
[-85.07152758]
[-85.1784256]
[-85.29898838]
[-85.17065943]
[-85.18469498]
[-85.31416587]
[-85.20803204]
[-85.14156116]
[-84.94557648]
[-84.91925088]
[-84.92932497]
[-85.03149453]
[-85.2422597]
[-84.43919894]
[-85.12864762]
[-85.04066636]
[-84.97027042]
[-84.97731662]
[-85.40999035]
[-85.16757329]
[-85.05220958]
[-85.10352768]
[-85.09973937]
[-85.04955197]
[-85.29989487]
[-85.30612772]
[-85.34156765]
[-85.1517941]
[-85.17265952]
[-85.05835871]
[-85.17853136]
[-84.95406433]
[-85.28846338]
[-85.35466053]
[-84.97876885]
[-85.07318039]
[-85.33190665]
[-85.61401673]
[-85.46990196]
[-85.43412086]
[-85.26791068]
[-85.13479758]
[-85.29982554]
[-85.33061014]
[-85.18136472]
[-85.19837571]
[-85.07390046]
[-84.94462565]
[-85.25624311]
[-84.83953073]
[-85.17633496]
[-85.07286533]
[-84.99674489]
[-85.21296308]
[-85.19235101]
[-85.26333508]
[-85.2388686]
[-85.23784205]
[-85.44604221]
[-85.3659683]
[-85.33187005]
[-85.18727666]
[-85.10323901]
[-85.00600025]
[-85.3235974]
[-85.39465524]
[-85.36126367]
[-85.38076538]
[-85.20275584]
[-84.98313089]
[-85.03099197]
[-85.32255727]
[-84.9702067]
[-85.15834491]
[-85.24706233]
[-85.29634468]
[-84.96291487]
[-85.05956504]
[-85.08096216]
[-85.16214867]
[-85.28867685]
[-85.40588913]
[-85.09436848]
[-85.35675193]
[-85.20340984]
[-85.32405643]
[-85.42340222]
[-85.32321139]
[-85.20601303]
[-85.31078074]
[-85.18013611]
[-85.06615625]
[-84.77396473]
[-84.77114726]
[-84.95924127]
[-84.93222896]
[-85.04665195]
[-85.08307348]
[-85.38835534]
[-85.25297521]
[-85.27807134]
[-85.19837836]
[-85.34833969]
[-85.188647]
[-85.1918811]
[-85.12788527]
[-85.16764064]
[-85.03679357]
[-84.8260904]
[-85.30725545]
[-85.36989508]
[-85.45180359]
[-85.54578012]
[-85.2619301]
[-85.56066896]
[-85.19109812]
[-85.29655247]
[-85.19365023]
[-85.30605595]
[-85.09979136]
[-85.0866343]
[-85.28487914]
[-85.35651979]
[-84.99435713]
[-84.99195498]
[-84.83559373]
[-84.97471987]
[-84.97878291]
[-84.87505005]
[-84.89539074]
[-85.10255499]
[-85.04472458]
[-85.15534972]
[-84.95697365]
[-85.04141345]
[-85.01842166]
[-85.07302084]
[-85.13711401]
[-85.26615636]
[-85.03081031]
[-85.11957206]
[-85.18204082]
[-85.0809027]
[-85.04723171]
[-85.07512878]
[-85.00950581]
[-84.93873235]
[-84.91855487]
[-84.68708301]
[-84.95673568]
[-85.05916614]
[-84.8434035]
[-84.7489172]
[-84.8774736]
[-84.61127738]
[-85.04552498]
[-85.34314297]
[-85.38804545]
[-85.16713752]
[-85.31877225]
[-85.38481238]
[-85.38664897]
[-85.47758425]
[-85.51411608]
[-85.30557683]
[-85.29366333]
[-84.97821261]
[-85.2191842]
[-85.34309426]
[-85.35945416]
[-85.6438776]
[-85.43258122]
[-85.51848507]
[-85.17588384]
[-85.28532537]
[-85.30554111]
[-85.3147686]
[-85.11816942]
[-85.02948746]
[-84.99100117]
[-85.0623801]
[-85.34156426]
[-85.16831934]
[-85.12470123]
[-84.94831381]
[-85.19824842]
[-85.3206954]
[-85.12123521]
[-85.09797772]
[-85.24525743]
[-85.46033446]
[-85.1056777]
[-85.42064142]
[-85.33883426]
[-85.30445563]
[-85.43491363]
[-85.18294817]
[-85.06966123]
[-84.82749088]
[-85.10477703]
[-84.94769335]
[-85.03636481]
[-85.07509724]
[-85.19357719]
[-85.2005212]
[-85.36802941]
[-85.13495607]
[-85.11857431]
[-85.26581317]
[-85.27235935]
[-85.25198031]
[-85.13980143]
[-85.18796929]
[-84.87787884]
[-85.04781768]
[-85.11364725]
[-85.15471302]
[-84.71355309]
[-84.95950959]
[-84.94956999]
[-85.13842087]
[-84.99037118]
[-85.40267138]
[-85.30865935]
[-85.55341734]
[-85.37684155]
[-85.28761801]
[-85.31898488]
[-85.24229706]
[-85.32672144]
[-85.12404777]
[-85.44175652]
[-85.19577923]
[-85.07447285]
[-85.16647763]
[-85.14392842]
[-85.09213929]
[-85.00203959]
[-85.13497276]
[-84.8152592]
[-84.91798586]
[-84.98434086]
[-84.94085187]
[-85.0837493]
[-85.04757334]
[-85.2376211]
[-85.22892059]
[-85.21490086]
[-85.23084007]
[-85.11510694]
[-85.27830767]
[-85.17244959]
[-85.26572773]
[-85.15010751]
[-85.17359587]
[-85.16944598]
[-84.98764781]
[-85.23683193]
[-84.72873092]
[-84.97500789]
[-84.96890968]
[-85.02736077]
[-85.05218162]
[-84.97452706]
[-84.96407773]
[-85.12986361]
[-85.25191483]
[-85.17449583]
[-85.08597669]
[-85.18705961]
[-85.14558156]
[-85.12385254]
[-84.95127624]
[-85.1101814]
[-85.1221868]
[-85.15945416]
[-85.03212781]
[-85.17463965]
[-85.07715054]
[-85.17920259]
[-85.14130005]
[-84.88589073]
[-85.21437426]
[-85.10584223]
[-84.88355894]
[-84.92046813]
[-85.22824375]
[-85.05925544]
[-85.24899908]
[-85.22013075]
[-85.20179987]
[-85.23569606]
[-85.1020021]
[-84.98165588]
[-85.04522131]
[-85.26118565]
[-85.43174898]
[-85.79213234]
[-85.58564065]
[-85.20433262]
[-85.16607025]
[-84.82831816]
[-85.11433217]
[-85.05568208]
[-84.69448033]
[-85.00361184]
[-85.213048]
[-85.28655789]
[-85.28170556]
[-85.11532799]
[-85.13054228]
[-85.0200703]
[-85.00665358]
[-85.29765913]
[-85.44491005]
[-85.27786653]
[-85.64408597]
[-85.48299232]
[-85.3239266]
[-85.24173918]
[-85.40390286]
[-84.55646314]
[-84.8154103]
[-84.91523008]
[-84.93853205]
[-84.93050998]
[-84.93517548]
[-85.13384648]
[-85.30209127]
[-85.20065044]
[-85.31275935]
[-85.16232625]
[-85.10272919]
[-85.15004046]
[-85.28879479]
[-85.03638586]
[-84.74210875]
[-85.02172062]
[-85.11022234]
[-84.82378584]
[-84.89091237]
[-85.07881988]
[-85.17016081]
[-85.24415813]
[-85.1883161]
[-85.24914635]
[-85.17896884]
[-84.91063994]
[-84.99569363]
[-84.83209963]
[-84.94102842]
[-85.04647017]
[-85.09795886]
[-85.18461365]
[-85.0885498]
[-85.02944566]
[-84.99467328]
[-85.19587059]
[-85.05105442]
[-84.8773117]
[-84.95559785]
[-85.05331487]
[-84.99163009]
[-85.07368801]
[-85.23618523]
[-84.94315148]
[-85.04637864]
[-85.11064766]
[-85.06811398]
[-84.94208868]
[-85.09333083]
[-85.13765406]
[-84.97831066]
[-85.08234136]
[-84.92591299]
[-85.07552866]
[-85.03815443]
[-85.04686255]
[-84.9681602]
[-84.96048403]
[-85.00926653]
[-85.12809542]
[-85.01135319]
[-85.00059156]
[-85.0534872]
[-85.19757463]
[-85.016662]
[-85.01329367]
[-85.09410916]
[-84.92502712]
[-84.81991916]
[-84.81982528]
[-84.71826643]
[-84.76299646]
[-84.83679732]
[-85.03187263]
[-85.12358096]
[-85.0212633]
[-85.03636025]
[-85.0777987]
[-85.18738513]
[-85.02522021]
[-85.01480775]
[-85.06772721]
[-85.15463009]
[-84.99328727]
[-84.8325493]
[-84.70319946]
[-84.99047412]
[-85.27602594]
[-85.047074]
[-85.11060835]
[-85.2049457]
[-85.02668531]
[-85.2864208]
[-85.02623137]
[-85.00695259]
[-84.85476904]
[-84.92013134]
[-84.84291577]
[-85.12454017]
[-84.89234764]
[-84.99572272]
[-85.11066457]
[-84.84824031]
[-84.96183732]
[-85.07787153]
[-84.87267019]
[-85.00097737]
[-84.86174757]
[-84.82972837]
[-84.8386792]
[-84.84403015]
[-85.05082635]
[-85.00828123]
[-84.98220445]
[-84.89466664]
[-84.88408213]
[-84.83112953]
[-84.87972041]
[-85.21997205]
[-84.94673786]
[-85.07432325]
[-84.96551081]
[-84.92911381]
[-85.00481907]
[-84.83725434]
[-84.73449562]
[-85.01804887]
[-85.2044622]
[-84.81839149]
[-84.69630927]
[-84.97452521]
[-84.75982887]
[-84.89992073]
[-85.31718653]
[-84.94112041]
[-84.97494479]
[-84.79958665]
[-85.10005869]
[-84.95844649]
[-85.15708911]
[-84.91856391]
[-85.22365136]
[-84.85619267]
[-85.16334524]
[-84.95044695]
[-85.08195825]
[-84.93703361]
[-84.8380711]
[-84.82401758]
[-84.83885103]
[-84.93383035]
[-85.10173196]
[-85.18470556]
[-85.1770479]
[-85.12360373]
[-85.01026231]
[-84.80879494]
[-84.93406511]
[-85.05122866]
[-85.06164493]
[-85.13900789]
[-85.28730895]
[-85.20294791]
[-85.08334246]
[-85.36056829]
[-85.02921344]
[-84.83636543]
[-85.00407461]
[-85.01809236]
[-85.29746561]
[-85.14935124]
[-84.99684511]
[-85.1920351]
[-85.2959195]
[-85.25594637]
[-84.96792384]
[-84.83354593]
[-84.92088679]
[-84.92355681]
[-85.04830619]
[-85.06453994]
[-85.10039416]
[-85.33165782]
[-85.12017885]
[-85.23097428]
[-85.02621786]
[-85.22698211]
[-85.02030958]
[-85.05577811]
[-85.11875287]
[-84.86737975]
[-85.03695398]
[-84.85899762]
[-84.9977026]
[-85.02211539]
[-84.95769156]
[-85.02226548]
[-85.25643571]
[-84.99629267]
[-85.00019591]
[-85.18325038]
[-85.33091267]
[-85.4058645]
[-85.19929961]
[-85.18413882]
[-84.99732695]
[-85.30908382]
[-84.88944801]
[-85.34800495]
[-85.267723]
[-85.10973473]
[-85.18048401]
[-85.24478945]
[-84.50726426]
[-85.41626635]
[-85.44725061]
[-85.10527087]
[-85.07282423]
[-84.9503148]
[-85.10677816]
[-84.79080115]
[-85.10072279]
[-85.38084869]
[-85.18230074]
[-85.01492626]
[-85.16813435]
[-84.85309685]
[-85.09490495]
[-85.2918438]
[-85.27898066]
[-85.20220788]
[-85.18470957]
[-85.39473593]
[-85.1075023]
[-85.08710223]
[-85.02963488]
[-85.11562984]
[-85.22418776]
[-85.00857433]
[-85.19344428]
[-84.78362176]
[-85.04742779]
[-85.08146498]
[-85.21375441]
[-85.1512109]
[-84.91102062]
[-85.00015544]
[-85.00428058]
[-85.18817747]
[-85.07943628]
[-85.09300055]
[-85.02061796]
[-85.16969621]
[-85.34390549]
[-85.33315177]
[-85.28921036]
[-84.95466625]
[-85.15919173]
[-85.10198417]
[-85.06199265]
[-85.37629067]
[-85.14835627]
[-85.28795696]
[-85.03363542]
[-84.95208653]
[-84.89675815]
[-84.96014896]
[-84.9625617]
[-84.80676741]
[-84.95976139]
[-84.84260814]
[-85.08618007]
[-85.03018205]
[-85.31651686]
[-85.29429748]
[-85.10437638]
[-84.68673305]
[-85.11713446]
[-85.01296484]
[-85.07569806]
[-85.09135976]
[-85.21759039]
[-85.16605167]
[-85.13215753]
[-84.78859948]
[-84.98978036]
[-84.9871199]
[-84.9913312]
[-84.90935834]
[-85.27306085]
[-85.11170903]
[-85.36769208]
[-85.17165779]
[-85.2325759]
[-85.34145395]
[-85.40899676]
[-85.54455589]
[-85.14328639]
[-85.06965996]
[-85.07090347]
[-85.09925566]
[-84.81847582]
[-85.05907012]
[-84.92551832]
[-84.95454946]
[-84.94615622]
[-84.75166154]
[-84.74861472]
[-85.25273336]
[-85.41837062]
[-85.01310589]
[-84.94365722]
[-85.06915027]
[-85.25985018]
[-85.11111988]
[-85.22666523]
[-85.43386345]
[-85.28108236]
[-85.52600747]
[-85.33041607]
[-85.24726297]
[-84.99091376]
[-85.07438823]
[-84.96960858]
[-84.7170942]
[-84.90505012]
[-84.7681965]
[-84.26337588]
[-84.93562269]
[-84.8639278]
[-84.98641754]
[-84.85416975]
[-85.12586164]
[-85.02755677]
[-85.2724825]
[-85.36764459]
[-85.24271654]
[-85.35114762]
[-85.20140898]
[-85.68375225]
[-85.37851199]
[-85.64755474]
[-85.59961267]
[-85.19025531]
[-85.36029424]
[-85.20858915]
[-85.11998203]
[-85.07972279]
[-85.29893876]
[-85.13818087]
[-84.91933655]
[-85.07608134]
[-85.01021163]
[-84.83294045]
[-84.93680938]
[-84.96526228]
[-85.12367304]
[-85.21818571]
[-85.49696476]
[-85.44265974]
[-85.45173286]
[-85.23206795]
[-85.18941456]
[-85.24376718]
[-84.76678472]
[-84.82177498]
[-84.86442505]
[-84.96129709]
[-85.00673715]
[-84.42716615]
[-84.8169421]
[-84.70996349]
[-85.14194521]
[-84.8593449]
[-85.17518209]
[-85.25956999]
[-85.40764733]
[-85.40866061]
[-85.24068442]
[-85.3173488]
[-85.09840828]
[-85.08001335]
[-85.04327224]
[-84.99182966]
[-84.87933142]
[-85.08603486]
[-84.85769688]
[-85.09989016]
[-85.18320583]
[-85.09926131]
[-84.94576809]
[-85.06748146]
[-85.16529375]
[-85.24676535]
[-85.38671436]
[-85.26951242]
[-85.17253796]
[-85.05657533]
[-85.24037455]
[-85.23104348]
[-85.33457885]
[-85.11830507]
[-85.20339922]
[-85.06309054]
[-84.89294434]
[-84.98742342]
[-84.88966953]
[-85.16203461]
[-85.14469222]
[-85.08097249]
[-85.08587686]
[-85.10640204]
[-85.2031696]
[-85.31086591]
[-85.12184518]
[-85.13874104]
[-85.2023818]
[-85.13774502]
[-84.95263904]
[-85.14650626]
[-85.02071294]
[-85.05571976]
[-84.8607449]
[-84.98646276]
[-84.74241378]
[-84.87236399]
[-84.90713089]
[-84.82890372]
[-84.71851622]
[-85.12903321]
[-85.03386579]
[-84.72571703]
[-85.12057986]
[-84.97595522]
[-85.02917621]
