[-78.88861679]
[-79.03637094]
[-79.05905484]
[-78.81361034]
[-78.99128499]
[-79.03550956]
[-79.03479329]
[-79.09633495]
[-79.03265436]
[-79.15866784]
[-78.91073036]
[-78.79962352]
[-78.78866478]
[-79.09017703]
[-78.94681063]
[-79.14119952]
[-79.00971798]
[-78.81605501]
[-78.88989931]
[-78.91177992]
[-78.86104447]
[-79.02260511]
[-79.00345935]
[-79.0847761]
[-79.18281971]
[-79.24376783]
[-78.93655553]
[-78.9645954]
[-79.17717141]
[-79.24633962]
[-79.31506047]
[-79.23871667]
[-79.0073613]
[-78.93853312]
[-78.74900395]
[-78.98176611]
[-79.00973195]
[-78.98922765]
[-79.09598154]
[-79.13055978]
[-78.92947629]
[-79.00079186]
[-79.01882067]
[-78.96866334]
[-79.03980056]
[-78.98725609]
[-79.01428174]
[-79.14767681]
[-79.39073469]
[-79.14494945]
[-79.19755458]
[-79.27970128]
[-79.01813935]
[-78.97780016]
[-79.22847115]
[-79.00925611]
[-79.12856514]
[-79.21139364]
[-79.07230919]
[-79.21535836]
[-79.04269926]
[-78.89603947]
[-79.14500422]
[-78.805342]
[-79.01638949]
[-78.83199214]
[-78.93191982]
[-79.01216545]
[-78.992667]
[-79.10195705]
[-79.00813869]
[-79.27672343]
[-79.04164928]
[-79.03669227]
[-79.09350939]
[-78.77012267]
[-78.92188074]
[-78.80737243]
[-79.15740803]
[-79.25659877]
[-79.0918984]
[-78.94121695]
[-78.87731299]
[-78.90606074]
[-79.00622242]
[-79.03269378]
[-78.93533188]
[-78.92786909]
[-79.03462251]
[-79.19497414]
[-79.30173393]
[-79.31677323]
[-78.96769791]
[-78.98215766]
[-79.35114777]
[-79.14279]
[-79.1490308]
[-79.26408541]
[-79.05267264]
[-79.00740434]
[-78.84667943]
[-78.80586853]
[-78.97909975]
[-78.98754121]
[-78.85718549]
[-78.78685533]
[-79.03662255]
[-78.98741924]
[-79.01648877]
[-78.94688187]
[-78.82310526]
[-79.10020332]
[-79.16631343]
[-78.98002621]
[-79.09387079]
[-78.98117082]
[-79.002767]
[-79.1528285]
[-78.85761132]
[-78.87423966]
[-78.86508974]
[-79.01414599]
[-78.97204561]
[-78.98580876]
[-79.02157568]
[-79.02375132]
[-79.11440632]
[-79.24253783]
[-79.13268466]
[-79.13318596]
[-79.24083439]
[-79.16427218]
[-79.30347537]
[-79.1505466]
[-79.04415662]
[-78.93078976]
[-79.13652422]
[-78.89621162]
[-79.08156497]
[-78.85318639]
[-79.25523964]
[-79.13427373]
[-79.31304399]
[-78.99469586]
[-79.02457371]
[-79.21019687]
[-79.11734664]
[-78.96326946]
[-78.8964992]
[-79.09521686]
[-79.21088874]
[-78.94391338]
[-79.38261999]
[-79.42341571]
[-79.29491255]
[-79.15665528]
[-78.87626929]
[-78.9542167]
[-79.20067174]
[-79.2694369]
[-79.28585883]
[-79.37802958]
[-79.17273761]
[-79.21149461]
[-79.27216696]
[-79.0276892]
[-78.9532876]
[-79.20746696]
[-79.04822326]
[-79.12789002]
[-79.03483656]
[-79.28649909]
[-78.99965307]
[-79.087113]
[-79.17459166]
[-79.0942701]
[-79.03815502]
[-79.26198648]
[-79.23367893]
[-79.28774257]
[-79.22515721]
[-79.07465943]
[-79.1497209]
[-79.11649774]
[-78.92370227]
[-79.12086124]
[-79.05603224]
[-79.1791893]
[-79.19613645]
[-79.04128724]
[-78.89996014]
[-79.07521862]
[-79.06599077]
[-79.15757363]
[-79.26686638]
[-79.37975566]
[-79.06669547]
[-79.20955011]
[-79.13913025]
[-79.18599653]
[-79.05901481]
[-79.13858613]
[-79.30436267]
[-79.33947679]
[-79.35573754]
[-79.30029]
[-79.30170522]
[-79.2691813]
[-79.3150161]
[-79.23983277]
[-78.95844876]
[-79.03841705]
[-78.89110033]
[-79.08742149]
[-79.27558136]
[-79.10247872]
[-79.05805712]
[-79.21794453]
[-79.04952257]
[-79.07853088]
[-79.17343554]
[-78.99059039]
[-78.95295133]
[-78.89417198]
[-78.8411389]
[-79.04826052]
[-78.90535775]
[-78.86679878]
[-78.8306789]
[-78.86688086]
[-79.09425692]
[-79.21742562]
[-79.40589682]
[-79.13206076]
[-79.29422013]
[-79.04332198]
[-79.03430037]
[-78.83767644]
[-79.03282818]
[-79.08758563]
[-79.05246101]
[-79.26203946]
[-79.10881128]
[-79.21291518]
[-79.09824656]
[-79.0418089]
[-79.17130205]
[-78.96180353]
[-78.86762366]
[-78.94043002]
[-79.06637263]
[-79.19383453]
[-79.05459025]
[-79.27082058]
[-79.32254971]
[-79.15717593]
[-78.89028747]
[-79.21765522]
[-78.85661608]
[-78.77980504]
[-78.95810926]
[-78.92643688]
[-79.16313213]
[-79.2255174]
[-79.14393658]
[-79.15402062]
[-78.82705121]
[-79.08745272]
[-79.04491233]
[-79.02784218]
[-78.85050503]
[-78.92126789]
[-78.95336073]
[-78.91332472]
[-79.06583663]
[-79.11456064]
[-79.14445625]
[-79.09902384]
[-79.33665672]
[-78.97683469]
[-78.99945549]
[-78.96825468]
[-79.01986747]
[-78.9117405]
[-79.09635346]
[-79.00101916]
[-79.07438888]
[-78.89188796]
[-78.89516036]
[-79.12572545]
[-78.90610084]
[-79.23791467]
[-79.11147721]
[-79.08708136]
[-79.13553263]
[-79.30497295]
[-79.09388849]
[-79.03083956]
[-79.06962535]
[-78.89223092]
[-78.93648968]
[-78.89052142]
[-78.87084157]
[-79.02173992]
[-78.89900662]
[-79.08935814]
[-79.27204493]
[-79.15756202]
[-79.07858582]
[-78.9663186]
[-78.70682254]
[-78.99861015]
[-78.83717335]
[-78.80549397]
[-79.02053928]
[-79.05508112]
[-79.16306889]
[-79.03573088]
[-78.89805183]
[-78.88065146]
[-78.81721951]
[-78.7801325]
[-78.78376345]
[-79.01934236]
[-79.09186626]
[-79.19264523]
[-79.07474094]
[-79.09172713]
[-79.03553186]
[-79.06812679]
[-79.14362305]
[-79.05744294]
[-78.80730806]
[-78.96234294]
[-79.0794272]
[-79.07362702]
[-79.12823039]
[-78.98235808]
[-78.94521473]
[-78.9075943]
[-78.86014595]
[-79.00169944]
[-78.92543359]
[-78.97491407]
[-79.24602952]
[-79.22883035]
[-79.05791255]
[-79.1336262]
[-78.8793452]
[-78.90051772]
[-78.84100586]
[-78.88598791]
[-79.09557282]
[-79.15987028]
[-78.88328954]
[-79.10434983]
[-79.14556801]
[-78.98862958]
[-79.08857161]
[-79.18851247]
[-79.13673936]
[-79.02745184]
[-79.1129926]
[-79.14700088]
[-78.97889283]
[-79.05088148]
[-79.00557386]
[-79.10945542]
[-79.13896786]
[-79.26314318]
[-79.07571346]
[-78.86999525]
[-78.8975456]
[-78.86370429]
[-78.8003726]
[-78.78453193]
[-78.99712543]
[-79.17444961]
[-79.25223738]
[-79.15083275]
[-79.26296314]
[-78.98762392]
[-79.02883247]
[-78.96923857]
[-78.97413181]
[-78.92855326]
[-78.86803096]
[-79.0856762]
[-79.32655945]
[-78.86370677]
[-79.01378799]
[-79.03861939]
[-79.0397474]
[-79.16895669]
[-78.69157247]
[-78.80755076]
[-78.90224134]
[-78.97090274]
[-79.11836176]
[-79.1215907]
[-79.17756533]
[-79.29733599]
[-79.22232642]
[-79.15801698]
[-79.09205507]
[-79.04198524]
[-79.39568834]
[-79.33602908]
[-79.16374691]
[-79.01135163]
[-79.07412795]
[-79.0624935]
[-79.11222048]
[-78.91756982]
[-78.85140643]
[-79.04719434]
[-79.26190198]
[-79.28069949]
[-79.27226791]
[-79.125873]
[-79.12726234]
[-79.17625147]
[-79.1595019]
[-79.25888205]
[-79.25981998]
[-79.28179923]
[-79.13207561]
[-79.20537681]
[-79.30628274]
[-79.05280289]
[-78.83816577]
[-78.95137124]
[-78.93672443]
[-78.93244354]
[-78.81194075]
[-78.76720521]
[-78.844281]
[-79.05523466]
[-79.27149697]
[-79.1616566]
[-79.15551819]
[-79.15055358]
[-79.20305091]
[-79.2992618]
[-79.06699773]
[-79.03375228]
[-79.20972933]
[-79.02675737]
[-79.18163815]
[-79.0342819]
[-79.03897519]
[-79.05933892]
[-79.17164508]
[-79.20031158]
[-79.37207468]
[-79.32106771]
[-79.36356457]
[-79.24808901]
[-79.15801583]
[-79.13973917]
[-79.27075889]
[-79.30730019]
[-79.16511962]
[-79.04411646]
[-79.19032278]
[-79.2471466]
[-79.10695665]
[-79.1078705]
[-79.26684208]
[-79.16167303]
[-79.33055315]
[-79.43386068]
[-79.27884622]
[-79.11079253]
[-79.05262525]
[-79.1492059]
[-79.05641412]
[-78.90100004]
[-78.99134125]
[-79.29653413]
[-79.30226858]
[-79.22029269]
[-79.03471443]
[-79.13456834]
[-79.28325044]
[-79.24722512]
[-79.03639561]
[-79.00525828]
[-79.08143886]
[-79.10373161]
[-79.10152367]
[-78.90122809]
[-79.06313229]
[-78.9761794]
[-79.3322755]
[-79.45259153]
[-79.32764951]
[-79.30198347]
[-79.23873215]
[-79.10924233]
[-79.15735618]
[-79.33058375]
[-79.18014935]
[-79.36858075]
[-79.25131382]
[-79.18962893]
[-79.18575617]
[-79.25069855]
[-79.1697302]
[-79.36293481]
[-79.3554236]
[-79.21394979]
[-79.28394702]
[-79.17511187]
[-79.37637665]
[-79.31060469]
[-79.22884691]
[-79.12065526]
[-79.17338008]
[-79.13457428]
[-79.2403497]
[-79.04857306]
[-79.02350729]
[-78.88849147]
[-78.96880334]
[-79.11511129]
[-79.19593143]
[-79.10597233]
[-79.12630469]
[-79.13970905]
[-79.29472925]
[-79.25958361]
[-79.1187004]
[-78.98238807]
[-79.11921316]
[-79.10547644]
[-79.30887862]
[-79.24268185]
[-79.1329868]
[-79.16247871]
[-79.06121201]
[-79.14033451]
[-79.05333127]
[-79.41976459]
[-79.1536678]
[-79.16727851]
[-79.04443111]
[-79.170832]
[-79.18151625]
[-78.96003007]
[-78.83813725]
[-79.05550815]
[-79.06770771]
[-78.99991993]
[-79.01311664]
[-79.22541786]
[-79.28435008]
[-79.02751294]
[-79.07690281]
[-79.28666723]
[-79.21183003]
[-79.27549586]
[-79.18147607]
[-79.34049515]
[-79.09823722]
[-79.35855324]
[-79.18492963]
[-79.38807689]
[-79.17735046]
[-79.3016005]
[-79.17870148]
[-79.05516062]
[-79.18792887]
[-79.22243079]
[-79.21437805]
[-79.15545494]
[-79.28368998]
[-79.24653703]
[-79.22846954]
[-79.28318035]
[-79.19590255]
[-79.27524545]
[-79.32588283]
[-79.38837424]
[-79.36024525]
[-79.13411407]
[-79.21308329]
[-79.02912122]
[-79.04064428]
[-79.04614025]
[-78.92675763]
[-78.84853946]
[-78.86128921]
[-79.16263373]
[-78.91654692]
[-79.09746003]
[-79.1169323]
[-79.07240405]
[-79.08491629]
[-79.3453665]
[-79.17858895]
[-79.51573088]
[-79.3142797]
[-79.13976439]
[-79.35982431]
[-79.16172708]
[-79.15153911]
[-79.13136651]
[-78.89443888]
[-79.11980022]
[-78.83951932]
[-79.0638573]
[-79.22695733]
[-79.22744527]
[-79.30460616]
[-79.37214646]
[-79.14738177]
[-79.39379748]
[-79.33348]
[-79.3178505]
[-79.27341884]
[-79.2307437]
[-79.24253249]
[-79.30564784]
[-79.54235481]
[-79.28843083]
[-79.37465216]
[-79.18949513]
[-79.21220951]
[-79.14511034]
[-79.09536255]
[-79.03870319]
[-79.0634417]
[-79.19699992]
[-79.0298086]
[-79.38498699]
[-79.24562146]
[-79.1617478]
[-79.20693547]
[-79.18904671]
[-79.21980191]
[-79.26957875]
[-79.13084674]
[-79.14920082]
[-79.18570554]
[-79.11170948]
[-79.08561713]
[-79.27038957]
[-79.15630639]
[-79.37564047]
[-79.36835062]
[-79.39088243]
[-79.20187237]
[-79.08715042]
[-79.24704506]
[-79.11376952]
[-79.05070506]
[-79.03934068]
[-78.98451145]
[-79.0457691]
[-79.06283508]
[-79.18986945]
[-79.14950277]
[-79.01265398]
[-79.13943811]
[-78.90285782]
[-78.99953889]
[-78.92961722]
[-79.07275143]
[-79.0751473]
[-79.25672643]
[-79.10855548]
[-78.94443317]
[-78.9331899]
[-79.14129502]
[-79.35076874]
[-79.25402589]
[-79.20659914]
[-79.27741195]
[-79.11186824]
[-79.0799762]
[-79.27241819]
[-79.07972687]
[-79.16770797]
[-79.19256636]
[-79.1007434]
[-78.94222682]
[-79.26186344]
[-79.18932411]
[-79.1178327]
[-79.26697108]
[-79.38034632]
[-79.42776346]
[-79.23760189]
[-79.3728173]
[-79.27468168]
[-79.11165694]
[-78.92313266]
[-79.18063418]
[-78.97489788]
[-79.06038247]
[-78.92884563]
[-79.08305899]
[-79.1565563]
[-79.03863077]
[-79.07684064]
[-79.09997896]
[-79.26988876]
[-79.05494216]
[-78.98460712]
[-79.19049054]
[-79.17923419]
[-79.30848904]
[-79.28989141]
[-79.2511835]
[-79.45993513]
[-79.52185409]
[-79.27267862]
[-79.36079675]
[-79.47743291]
[-79.40487779]
[-79.25752763]
[-79.17840211]
[-79.06891073]
[-79.1541209]
[-79.25606307]
[-79.32524921]
[-79.16641777]
[-79.1260374]
[-79.31246669]
[-79.28600796]
[-79.07569539]
[-79.02457283]
[-79.19050619]
[-79.10001336]
[-79.0847395]
[-79.12333928]
[-79.14243496]
[-78.99690238]
[-79.28361788]
[-79.2749947]
[-79.07292766]
[-79.25310667]
[-79.139483]
[-79.27038574]
[-79.38156792]
[-79.41202744]
[-79.3087646]
[-79.26285267]
[-79.16278658]
[-79.38152295]
[-78.91059837]
[-79.0675978]
[-79.42860683]
[-79.32478396]
[-79.32299246]
[-79.08414993]
[-79.1999247]
[-79.2231234]
[-79.34516321]
[-79.29173337]
[-79.19590102]
[-79.12489211]
[-79.06824148]
[-79.21865258]
[-79.13465265]
[-79.23835225]
[-79.24375639]
[-79.36731246]
[-79.26902235]
[-79.09089793]
[-79.14497084]
[-79.00352243]
[-79.06854876]
[-79.02746956]
[-79.26677455]
[-79.27909426]
[-79.28693083]
[-79.10750096]
[-79.15799423]
[-78.95134312]
[-79.07638902]
[-79.31960443]
[-79.19879349]
[-79.19268795]
[-79.09454628]
[-79.23217245]
[-78.99352074]
[-79.29113]
[-79.05816497]
[-78.97204798]
[-79.03297898]
[-79.12556646]
[-79.1057473]
[-79.27440707]
[-78.86851594]
[-79.16188165]
[-79.28954703]
[-79.18978199]
[-79.23937018]
[-79.23516268]
[-79.25792262]
[-79.31355512]
[-79.42784405]
[-79.32408198]
[-79.06438314]
[-79.29334859]
[-79.27963447]
[-79.17980681]
[-79.37906795]
[-79.17106419]
[-79.01775707]
[-79.13355995]
[-79.08542659]
[-79.15453022]
[-78.95679529]
[-79.15389641]
[-79.21803375]
[-79.34777603]
[-79.14255132]
[-79.20040383]
[-78.96110289]
[-79.07364601]
[-79.28671227]
[-79.21648695]
[-79.1121778]
[-78.93376325]
[-79.48983167]
[-79.20008152]
[-79.40250704]
[-79.19738112]
[-79.14096156]
[-79.11971081]
[-78.98787132]
[-79.33841228]
[-79.11542544]
[-79.27882138]
[-79.25087521]
[-79.09537579]
[-79.14157077]
[-79.33458151]
[-79.3393252]
[-79.28970066]
[-79.24539033]
[-79.08437889]
[-79.29497009]
[-79.24925996]
[-79.06261815]
[-78.93513175]
[-79.28465516]
[-79.38185209]
[-79.27483493]
[-79.03591766]
[-79.12637662]
[-78.94904267]
[-79.25549818]
[-79.21336167]
[-79.07260422]
[-79.29858393]
[-79.18944244]
[-79.45040741]
[-79.30547999]
[-79.31135506]
[-79.04916895]
[-79.08332978]
[-79.20105257]
[-79.00276537]
[-78.95578539]
[-79.11502656]
[-79.04919472]
[-79.10966915]
[-79.13468212]
[-79.05620271]
[-79.11286622]
[-79.13741127]
[-79.07411062]
[-79.11345127]
[-79.0000453]
[-79.06131631]
[-79.30558367]
[-79.30893098]
[-79.1969825]
[-79.16204224]
[-79.19047237]
[-79.21271122]
[-79.22631685]
[-79.04402973]
[-79.1684476]
[-79.08603753]
[-79.15725973]
[-79.06581943]
[-78.86307537]
[-78.80880548]
[-79.02383227]
[-79.11390253]
[-79.01751281]
[-78.90633148]
[-78.93917778]
[-78.9840133]
[-79.10648208]
[-79.33399732]
[-79.21604566]
[-79.08690587]
[-79.04982128]
[-79.20876123]
[-78.89633737]
[-79.01968996]
[-79.10427764]
[-79.08963512]
[-78.98980041]
[-78.91469725]
[-78.92946444]
[-78.88091792]
[-78.94290809]
[-78.97092298]
[-79.06170941]
[-79.09173434]
[-79.19597115]
[-79.14010871]
[-79.28425131]
[-79.45811036]
[-79.21882379]
[-79.18169962]
[-79.24271039]
[-79.11834321]
[-79.06342528]
[-79.07986493]
[-79.11654315]
[-79.20521652]
[-79.2191604]
[-79.11161971]
[-78.88878747]
[-78.8529625]
[-78.8506593]
[-78.99178941]
[-79.22767541]
[-79.25957341]
[-79.18130375]
[-79.28501327]
[-79.34724858]
[-79.26393052]
[-79.36961947]
[-79.33096937]
[-79.14109529]
[-79.33950702]
[-79.17153995]
[-79.34408036]
[-79.34018712]
[-79.26323031]
[-79.35662454]
[-79.09486898]
[-79.05692635]
[-79.15750414]
[-79.05454182]
[-79.03330143]
[-79.08101513]
[-79.01889516]
[-79.14405868]
[-79.46724416]
[-78.97719642]
[-78.864115]
[-78.91216033]
[-78.91558351]
[-79.30075169]
[-79.03292117]
[-79.18664208]
[-79.1764479]
[-79.061932]
[-79.23957848]
[-79.24515234]
[-79.10993914]
[-79.04741202]
[-79.09037192]
[-78.93011186]
[-78.92672221]
[-78.93428682]
[-78.74523193]
[-79.12064735]
[-79.11763495]
[-79.28296423]
[-79.16805186]
[-79.04098941]
[-78.89386597]
[-78.98209035]
[-79.18956693]
[-79.27729491]
[-79.20735742]
[-79.21852511]
[-79.23045651]
[-79.244608]
[-79.09893183]
[-79.00482236]
[-79.08531318]
[-79.01087745]
[-79.07846009]
[-79.0671782]
[-79.15155696]
[-79.0864833]
[-79.05299849]
[-79.23766925]
[-79.21984198]
[-79.08699318]
[-79.08366592]
[-79.28722907]
[-79.21579998]
[-79.34741626]
[-79.16328185]
[-79.19494592]
[-79.17954691]
[-79.24889964]
[-79.25451296]
[-79.25715907]
[-79.37389174]
[-79.2307007]
[-79.0647944]
[-79.24518661]
[-79.16906695]
[-79.2623168]
[-79.05694448]
[-79.10706908]
[-79.21625649]
[-79.1221955]
[-79.13333248]
[-79.04868307]
[-78.92243278]
[-79.20986385]
[-79.12110084]
[-79.00143321]
[-79.07156571]
[-79.28360538]
[-79.15302131]
[-79.20917655]
[-79.2096526]
[-79.17516227]
[-79.46664982]
[-79.04554208]
[-79.22247001]
[-78.95268469]
[-78.72524615]
[-79.35743585]
[-79.08988739]
[-79.26229183]
[-79.25101689]
[-79.24166784]
[-78.94092384]
[-79.091245]
[-78.95114813]
[-78.91503329]
[-79.17442838]
[-79.40640116]
[-79.30401879]
[-79.39504862]
[-79.38070111]
[-78.92552075]
[-79.24443297]
[-79.17147977]
[-79.29978949]
[-79.18372348]
[-79.17150674]
[-79.10354592]
[-79.0547269]
[-79.43858511]
[-79.246067]
[-79.04654392]
[-78.96290581]
[-79.26872812]
[-79.12116417]
[-79.0483441]
[-79.01619561]
[-79.08570501]
[-79.2564154]
[-79.28080898]
[-79.00457848]
[-79.02953872]
[-79.24831024]
[-79.13576164]
[-79.12343941]
[-79.08501669]
[-79.17994663]
[-79.19345732]
[-78.81117838]
[-78.93024615]
[-79.02573684]
[-79.17514467]
[-78.85508811]
[-78.9122722]
[-78.90474119]
[-79.07797467]
[-79.20731156]
[-78.87375286]
[-79.02671204]
[-79.03539025]
[-79.12542322]
[-79.17779051]
[-78.99883584]
[-79.18995239]
[-79.21932133]
[-79.36821303]
[-79.24401886]
[-79.14663371]
[-79.16141051]
[-79.20309479]
[-79.01714965]
[-78.92699724]
[-79.01273166]
[-79.18175051]
[-79.23030244]
[-78.90354634]
[-79.34840116]
[-79.37706742]
[-79.14091053]
[-79.16210211]
[-79.19432511]
[-78.9009921]
[-79.02820898]
[-79.15505168]
[-79.11278627]
[-79.04636171]
[-79.28359777]
[-79.1008673]
[-79.17719711]
[-79.05006385]
[-79.25590459]
[-79.12336864]
[-79.23486267]
[-79.05608901]
[-79.17910237]
[-78.9824584]
[-79.29195316]
[-79.29725768]
[-79.02820161]
[-79.20347852]
[-79.01743993]
[-78.91234765]
[-79.12866247]
[-79.00090514]
[-79.08545195]
[-79.15686606]
[-79.31762818]
[-79.12734246]
[-79.34480308]
[-79.24946919]
[-79.25867266]
[-79.295732]
[-79.4290436]
[-79.26886566]
[-79.29459326]
[-79.16128137]
[-79.06177936]
[-79.11957965]
[-79.31826817]
[-79.32817669]
[-79.29825189]
[-79.21831143]
[-79.21408626]
[-79.12737436]
[-79.09717694]
[-79.20934896]
[-79.47859437]
[-79.45362794]
[-79.35292085]
[-79.29820416]
[-79.33779796]
[-79.41261755]
[-79.43031133]
[-79.29826821]
[-78.96626289]
[-79.16724936]
[-79.16259471]
[-79.34918081]
[-79.19028303]
[-79.12291283]
[-79.08078217]
[-79.14831807]
[-78.82038351]
[-79.01131294]
[-79.13798338]
[-79.20903795]
[-79.12213752]
[-79.1391039]
[-79.01299601]
[-79.21245357]
[-79.07822765]
[-79.29260594]
[-79.54586296]
[-79.1313868]
[-78.9057538]
[-79.21829081]
[-79.12686179]
[-79.12523095]
[-79.22559479]
[-79.28567942]
[-78.98312343]
[-78.93145071]
[-78.98530367]
[-79.05180278]
[-79.02085821]
[-79.12391596]
[-79.18367186]
[-79.2176822]
