[-85.59889273]
[-85.76078129]
[-85.52102875]
[-85.41411764]
[-85.08644225]
[-85.16548833]
[-85.24851918]
[-85.41802214]
[-85.57437021]
[-85.24860782]
[-85.51511561]
[-85.75692047]
[-85.67099918]
[-85.73966285]
[-85.66103349]
[-85.47747495]
[-85.44395964]
[-85.45236221]
[-85.42744635]
[-85.49223096]
[-85.45972031]
[-85.42944998]
[-85.29098051]
[-85.44541851]
[-85.59303642]
[-85.84229936]
[-85.62588468]
[-85.62060655]
[-85.79629107]
[-85.50168243]
[-85.65571628]
[-85.58787253]
[-85.69418908]
[-85.7021746]
[-85.63665921]
[-85.52792619]
[-85.49216484]
[-85.50455532]
[-85.29943692]
[-85.3839518]
[-85.44015744]
[-85.40136806]
[-85.49799825]
[-85.5666217]
[-85.50393402]
[-85.82839091]
[-85.28179304]
[-85.2884055]
[-85.35053557]
[-85.28955568]
[-85.51877372]
[-85.51361666]
[-85.34732077]
[-85.22398169]
[-85.34519902]
[-85.63795305]
[-85.27494698]
[-85.03858593]
[-85.19519585]
[-85.31060235]
[-85.0274337]
[-85.2916534]
[-85.48051677]
[-85.46345183]
[-85.51453218]
[-85.55629476]
[-85.46796497]
[-85.71158913]
[-85.91854355]
[-85.70515936]
[-85.35791614]
[-85.69936389]
[-85.23360292]
[-85.4255287]
[-85.32867506]
[-85.26239856]
[-85.24804665]
[-85.19428942]
[-85.12224188]
[-85.32609505]
[-85.23656035]
[-85.63501939]
[-85.50037671]
[-85.61833561]
[-85.54518418]
[-85.35440412]
[-85.51630119]
[-85.18910076]
[-85.32585753]
[-85.53335457]
[-85.48431676]
[-85.48121157]
[-85.400594]
[-85.44217164]
[-85.12870502]
[-85.30850008]
[-85.29784764]
[-85.26975723]
[-85.60433841]
[-85.59018962]
[-85.30814894]
[-85.23471503]
[-85.22319884]
[-85.10560073]
[-85.27109566]
[-85.35208076]
[-85.45477842]
[-85.08727549]
[-85.22457915]
[-85.33854714]
[-85.38410741]
[-85.23528073]
[-85.15050388]
[-85.09608021]
[-85.41428847]
[-85.21821986]
[-85.19452067]
[-85.1315141]
[-85.22187093]
[-85.69704831]
[-85.73757715]
[-85.55533478]
[-85.47744157]
[-85.45966197]
[-85.62015846]
[-85.48394295]
[-85.30099314]
[-85.30701794]
[-85.54645791]
[-85.47710213]
[-85.19884827]
[-85.39360136]
[-85.29494256]
[-85.30636854]
[-85.50058028]
[-85.52566794]
[-85.57148299]
[-85.35639561]
[-85.28184437]
[-85.26903338]
[-85.43540911]
[-85.32570013]
[-85.16692569]
[-85.41419016]
[-85.33678441]
[-85.7635964]
[-85.60669005]
[-85.42873509]
[-85.45042349]
[-85.45605332]
[-85.39398323]
[-85.3769155]
[-85.04394642]
[-85.24608867]
[-85.24019209]
[-85.52370924]
[-85.65819414]
[-85.59047588]
[-85.51597498]
[-85.30577772]
[-85.28122692]
[-85.33833625]
[-85.38401077]
[-85.39834631]
[-85.46528903]
[-85.28825696]
[-85.3510639]
[-85.25258621]
[-85.12791738]
[-85.15534374]
[-85.14404302]
[-85.33351329]
[-85.29132955]
[-85.28242543]
[-85.32809035]
[-85.03695247]
[-85.22109002]
[-85.26624767]
[-85.52137887]
[-85.60800955]
[-85.61948999]
[-85.65697827]
[-85.74141191]
[-85.74796921]
[-85.53937023]
[-85.77768644]
[-85.57561269]
[-85.78719876]
[-85.79099042]
[-85.57020306]
[-85.36856359]
[-85.58625053]
[-85.54262117]
[-85.5047435]
[-85.47468409]
[-85.3285269]
[-85.55036396]
[-85.8619004]
[-85.73627496]
[-85.62984602]
[-85.88969014]
[-85.43624825]
[-85.42412525]
[-85.45851829]
[-85.3361338]
[-85.68177509]
[-85.75744448]
[-85.8511745]
[-85.3276635]
[-85.46177228]
[-85.47853958]
[-85.50953969]
[-85.81594249]
[-85.7770554]
[-85.57239965]
[-85.60896517]
[-85.65969405]
[-85.67992102]
[-85.86007766]
[-85.47089658]
[-85.37198489]
[-85.32422979]
[-85.29093436]
[-85.30177281]
[-85.12713638]
[-85.26381811]
[-85.38381213]
[-85.44439449]
[-85.35470863]
[-85.523101]
[-85.59730385]
[-85.5660446]
[-85.68520994]
[-85.66836388]
[-85.48671678]
[-85.74685135]
[-85.53214372]
[-85.74967703]
[-85.80432021]
[-85.50173894]
[-85.70704541]
[-85.6440811]
[-85.67616883]
[-85.44394663]
[-85.20347111]
[-85.11511699]
[-85.03303494]
[-85.39358038]
[-85.21016393]
[-85.30280218]
[-85.37936678]
[-85.39518741]
[-85.61247797]
[-85.60287323]
[-85.44006971]
[-85.56140256]
[-85.57833914]
[-85.31072355]
[-85.64704527]
[-85.52700797]
[-85.76312004]
[-85.68600768]
[-85.48045659]
[-85.54892219]
[-85.117463]
[-85.3337526]
[-85.42638254]
[-85.54271652]
[-85.34975952]
[-85.50104813]
[-85.57089895]
[-85.64027445]
[-85.46122678]
[-85.40262826]
[-85.74586654]
[-85.35596889]
[-85.5183244]
[-85.50343381]
[-85.63076636]
[-85.61249152]
[-85.86287205]
[-85.43324417]
[-85.39008997]
[-85.55431032]
[-85.53545592]
[-85.56196619]
[-85.35314431]
[-85.53640196]
[-85.25848536]
[-85.19350127]
[-85.29037684]
[-85.52917911]
[-85.16076529]
[-85.51184926]
[-85.39402861]
[-85.32660686]
[-85.37112328]
[-85.55031499]
[-85.45817979]
[-85.41796528]
[-85.28915909]
[-85.42641531]
[-85.40929111]
[-85.546368]
[-85.37949032]
[-85.33072368]
[-85.54902288]
[-85.50442683]
[-85.33382494]
[-85.23147101]
[-85.30306716]
[-85.13977342]
[-85.43494705]
[-85.3397049]
[-85.25491558]
[-85.2393945]
[-85.3187717]
[-85.54577235]
[-85.59975958]
[-85.21951423]
[-85.60807289]
[-85.49180309]
[-85.63346941]
[-85.64702089]
[-85.50619806]
[-85.26373796]
[-85.6452509]
[-85.50385878]
[-85.38270078]
[-85.63117134]
[-85.64323496]
[-85.57638407]
[-85.5510069]
[-85.60946887]
[-85.4450486]
[-85.42569512]
[-85.39091107]
[-85.06419337]
[-85.12372869]
[-85.19525321]
[-85.35054343]
[-85.65592573]
[-85.41009646]
[-85.5345083]
[-85.62737665]
[-85.62053599]
[-85.35093404]
[-85.73804039]
[-85.45010353]
[-85.52956574]
[-85.48935041]
[-85.61944647]
[-85.6479429]
[-85.57392043]
[-85.57429663]
[-85.26342091]
[-85.13533522]
[-85.08691672]
[-85.09919075]
[-85.14724899]
[-85.56764482]
[-85.56425989]
[-85.70644195]
[-85.87098305]
[-85.70296463]
[-85.4547167]
[-85.60336984]
[-85.44400584]
[-85.45343375]
[-85.37505679]
[-85.24391902]
[-85.6179282]
[-85.70064537]
[-85.78476724]
[-85.74564646]
[-85.83265636]
[-85.56875004]
[-85.30351507]
[-85.07741251]
[-85.41367829]
[-85.50958549]
[-85.38345585]
[-85.70274942]
[-85.50223417]
[-85.5400025]
[-85.33137411]
[-85.42569665]
[-85.57009678]
[-85.35450492]
[-85.2676963]
[-84.99589199]
[-85.38227618]
[-85.2216458]
[-85.2280324]
[-85.12579531]
[-85.17759459]
[-85.1148528]
[-85.15871949]
[-85.28900109]
[-85.49706087]
[-85.6038162]
[-85.55652711]
[-85.47746564]
[-85.41035827]
[-85.51922952]
[-85.5566399]
[-85.51888546]
[-85.55333495]
[-85.49697348]
[-85.30575164]
[-85.60955735]
[-85.70925193]
[-85.58684519]
[-85.3511065]
[-85.56620016]
[-85.27362044]
[-85.43181785]
[-85.47530663]
[-85.36235326]
[-85.13760594]
[-85.12415691]
[-85.18937791]
[-85.18528985]
[-84.98656016]
[-85.54265093]
[-85.4496741]
[-85.60919973]
[-85.72871897]
[-85.4629145]
[-85.51573371]
[-85.53513441]
[-85.34094688]
[-85.28811882]
[-85.53618061]
[-85.68771388]
[-85.34658816]
[-85.36089222]
[-85.16004546]
[-85.54635537]
[-85.25466179]
[-85.07957506]
[-85.14701268]
[-85.41471565]
[-85.54546985]
[-85.63395619]
[-85.29933806]
[-85.25705829]
[-85.47655503]
[-85.26072188]
[-85.38775321]
[-85.60212298]
[-85.60154597]
[-85.75991116]
[-85.96172522]
[-85.84270631]
[-85.38319986]
[-85.25504142]
[-85.22846862]
[-85.2698698]
[-85.44754919]
[-85.71924362]
[-85.75444681]
[-85.58332062]
[-85.36145403]
[-85.3632359]
[-85.2545013]
[-85.20895675]
[-85.14041155]
[-85.09606609]
[-85.18548545]
[-85.3733015]
[-85.20013884]
[-85.558976]
[-85.24139764]
[-85.32096482]
[-85.37535573]
[-85.40339487]
[-85.54967683]
[-85.5226406]
[-85.42233006]
[-85.57828051]
[-85.29430102]
[-85.19818915]
[-84.9286448]
[-85.21288909]
[-85.0898114]
[-85.21220821]
[-85.35716694]
[-85.5052065]
[-85.65015404]
[-85.89796776]
[-85.37690408]
[-85.39003988]
[-85.39754079]
[-85.44137695]
[-85.36643343]
[-85.42516787]
[-85.55808483]
[-85.45184692]
[-85.34324204]
[-85.4014634]
[-85.37661675]
[-85.39900207]
[-85.51538607]
[-85.23864703]
[-85.35510053]
[-85.1104036]
[-85.26362865]
[-85.53674896]
[-85.74312305]
[-85.89000301]
[-85.96577806]
[-86.043599]
[-85.84958397]
[-85.50756868]
[-85.80353587]
[-85.77149418]
[-85.73864082]
[-85.46137938]
[-85.52919381]
[-85.16577385]
[-85.46903114]
[-85.23887776]
[-84.98442585]
[-85.3725572]
[-85.42175976]
[-85.52982986]
[-85.4155718]
[-85.35773671]
[-85.42861683]
[-85.41695558]
[-85.26465908]
[-85.3902471]
[-85.60157832]
[-85.25624957]
[-85.1959553]
[-85.43357418]
[-85.44609885]
[-85.64000155]
[-85.66101719]
[-85.70099887]
[-85.78697982]
[-85.57706161]
[-85.40797462]
[-85.41358544]
[-85.81500366]
[-85.97896869]
[-85.8968051]
[-85.80311834]
[-85.48835461]
[-85.71979656]
[-85.56466667]
[-85.49285254]
[-85.51231926]
[-85.53447461]
[-85.62370808]
[-85.71957749]
[-85.58161448]
[-85.81240994]
[-85.58165122]
[-85.89971292]
[-85.32717893]
[-85.27076564]
[-85.29327419]
[-85.33335173]
[-85.41633113]
[-85.07968643]
[-84.94557259]
[-85.16384341]
[-85.05330092]
[-85.34318212]
[-85.33805016]
[-85.34375737]
[-85.41270384]
[-85.53889862]
[-85.60697649]
[-85.44333574]
[-85.4159457]
[-85.51325383]
[-85.75211257]
[-85.63006967]
[-85.51070634]
[-85.61874824]
[-85.41382951]
[-85.36191036]
[-85.3303005]
[-85.33667198]
[-85.4131498]
[-85.27836787]
[-85.53721229]
[-85.68195179]
[-85.50713133]
[-85.72433637]
[-85.4540018]
[-85.35711028]
[-85.35380187]
[-85.69966804]
[-85.4375234]
[-85.56576887]
[-85.56718428]
[-85.52995714]
[-85.48728633]
[-85.67610812]
[-85.77522704]
[-85.63428039]
[-85.17052597]
[-84.92779901]
[-85.10109506]
[-85.39759021]
[-85.11332071]
[-85.327937]
[-85.34009637]
[-85.42862861]
[-85.41459272]
[-85.37660603]
[-85.09243031]
[-85.31039741]
[-85.05011418]
[-85.16946429]
[-85.16890377]
[-85.52941804]
[-85.63011378]
[-85.90363509]
[-85.46103652]
[-85.43412294]
[-85.41114069]
[-85.49473404]
[-85.60168867]
[-85.40449689]
[-85.09922407]
[-84.83292696]
[-84.81833636]
[-85.30836782]
[-85.12236868]
[-85.22335553]
[-85.22630897]
[-85.3856086]
[-85.36924483]
[-85.20661183]
[-85.37418819]
[-85.54695074]
[-85.53527813]
[-85.5624593]
[-85.720993]
[-85.72189034]
[-85.5753514]
[-85.7573938]
[-85.80945396]
[-85.71807275]
[-85.91657761]
[-85.63268056]
[-85.53219448]
[-85.2898544]
[-85.46256451]
[-85.36097582]
[-85.26911166]
[-85.47904334]
[-85.33410279]
[-85.4434006]
[-85.57366736]
[-85.55637064]
[-85.55258481]
[-85.85267454]
[-85.95551323]
[-85.85146226]
[-85.66673073]
[-85.71204533]
[-85.76457366]
[-85.92946302]
[-85.57334752]
[-85.36814411]
[-85.65259165]
[-85.69580848]
[-85.56360693]
[-85.08146639]
[-85.16689105]
[-85.37099246]
[-85.72032904]
[-85.86807416]
[-85.82098313]
[-85.77746418]
[-85.73112792]
[-85.53415409]
[-85.43630319]
[-85.60209944]
[-85.34827012]
[-85.38969451]
[-85.41977525]
[-85.65398006]
[-85.16403701]
[-85.06210473]
[-85.22382771]
[-85.08712993]
[-85.29453927]
[-85.45654657]
[-85.28686987]
[-85.44289841]
[-85.66697009]
[-85.57016369]
[-85.67479508]
[-85.6942416]
[-85.66162794]
[-85.5591851]
[-85.41853327]
[-85.45912018]
[-85.50715544]
[-85.29672616]
[-85.10969442]
[-85.24974033]
[-85.19445703]
[-85.25604142]
[-85.24191664]
[-85.10602074]
[-85.10563821]
[-85.57204318]
[-85.53417466]
[-85.77354095]
[-85.53018665]
[-85.4833067]
[-85.64317074]
[-85.36412614]
[-85.27824246]
[-85.47138835]
[-85.52498752]
[-85.47505765]
[-85.41784929]
[-85.3192324]
[-85.21543585]
[-85.16291869]
[-85.25606646]
[-85.54048914]
[-85.48503692]
[-85.52254933]
[-85.39640475]
[-85.70646192]
[-85.82198926]
[-85.57880321]
[-85.33900774]
[-85.30128655]
[-85.67647944]
[-85.63828748]
[-85.58843433]
[-85.43678797]
[-85.36172927]
[-85.37156242]
[-85.67170307]
[-85.50917918]
[-85.59272357]
[-85.50382048]
[-85.43370915]
[-85.44292218]
[-85.67991188]
[-85.70998495]
[-85.86322339]
[-85.78174707]
[-85.63451461]
[-85.45102554]
[-85.41159142]
[-85.40683635]
[-85.61026574]
[-85.29996614]
[-85.24106779]
[-85.26973266]
[-85.56813713]
[-85.66929386]
[-85.24976355]
[-85.30855002]
[-85.35991472]
[-85.16259016]
[-85.57778978]
[-85.81637809]
[-85.40808948]
[-85.66323177]
[-85.95490391]
[-85.45144609]
[-85.45251942]
[-85.62194338]
[-85.85454424]
[-85.51669094]
[-85.73217132]
[-85.45840559]
[-85.6590746]
[-85.57226925]
[-85.63700526]
[-85.85396548]
[-85.5613199]
[-85.51548097]
[-85.62765754]
[-85.63224649]
[-85.28109598]
[-85.18377267]
[-85.21871732]
[-85.58838819]
[-85.52641962]
[-85.52781006]
[-85.47840341]
[-85.753309]
[-85.92882076]
[-85.90026879]
[-85.57904117]
[-85.58830002]
[-85.5641574]
[-85.67442971]
[-85.76827531]
[-85.56731138]
[-85.38166605]
[-85.28211522]
[-85.49507778]
[-85.60191968]
[-85.70776727]
[-85.57062766]
[-85.9120722]
[-85.7983205]
[-85.69771356]
[-85.56808953]
[-85.69568315]
[-85.5970231]
[-85.35916476]
[-85.30400542]
[-85.54637748]
[-85.67873319]
[-85.99408182]
[-85.71784428]
[-85.81640675]
[-85.7265271]
[-85.34990955]
[-85.24529282]
[-85.21668995]
[-85.52147017]
[-85.50072554]
[-85.51884942]
[-85.55768625]
[-85.81633909]
[-85.68606542]
[-86.00043424]
[-85.64734062]
[-85.47437095]
[-85.83495922]
[-85.44799208]
[-85.5099239]
[-85.40376388]
[-85.50821872]
[-85.38136821]
[-85.21466646]
[-85.23674465]
[-85.22620211]
[-85.59631077]
[-85.50958619]
[-85.08402954]
[-85.25570739]
[-85.31819664]
[-85.5271766]
[-85.48259236]
[-85.54936203]
[-85.56498826]
[-85.1834247]
[-85.23170776]
[-84.99861586]
[-85.40396871]
[-85.34077159]
[-85.35021411]
[-85.16062731]
[-85.09955137]
[-85.45581025]
[-85.14678622]
[-85.25867101]
[-85.32257618]
[-85.65955604]
[-85.67216179]
[-85.59908993]
[-85.91655024]
[-85.75374085]
[-85.61235677]
[-85.53453155]
[-85.63764876]
[-85.39564515]
[-85.44225562]
[-85.33681639]
[-85.19180278]
[-84.96935384]
[-84.96576321]
[-85.17749537]
[-85.11788965]
[-85.07788251]
[-85.06218803]
[-85.13179866]
[-85.36133491]
[-86.03844474]
[-85.86520701]
[-86.03951957]
[-85.86593987]
[-85.62561104]
[-85.46309112]
[-85.7422492]
[-85.32853965]
[-85.54588733]
[-85.44317581]
[-85.7676201]
[-85.66180504]
[-85.64741598]
[-85.5832904]
[-85.30725024]
[-85.41197613]
[-85.37846073]
[-85.53197454]
[-85.63216235]
[-85.99443575]
[-85.92207816]
[-86.06291856]
[-85.76402539]
[-85.40171472]
[-85.66915297]
[-85.47960433]
[-85.26005702]
[-85.36696061]
[-85.52835852]
[-85.07293284]
[-85.00525096]
[-85.23232048]
[-85.41326397]
[-85.58333587]
[-85.72146491]
[-85.5480209]
[-85.77572591]
[-85.47776245]
[-85.26436974]
[-85.25238135]
[-85.44093536]
[-85.34463149]
[-85.60756611]
[-85.44349812]
[-85.48401727]
[-85.67331232]
[-85.62292184]
[-85.13033397]
[-85.32086579]
[-85.42675592]
[-85.43911874]
[-85.37449541]
[-85.33632546]
[-85.17089726]
[-85.25390242]
[-85.59011834]
[-85.40437931]
[-85.20083899]
[-85.51073331]
[-85.71462021]
[-85.74525709]
[-85.63472351]
[-85.80930074]
[-85.63553456]
[-85.65804651]
[-85.41961992]
[-85.30335077]
[-85.31660925]
[-85.30062569]
[-85.45713595]
[-85.79181817]
[-85.64426486]
[-85.64470038]
[-85.57456204]
[-85.41703965]
[-85.36513383]
[-85.42857647]
[-85.59869834]
[-85.50874715]
[-85.53543245]
[-85.3815428]
[-85.44834827]
[-85.49175191]
[-85.2886804]
[-85.30447691]
[-85.18118503]
[-85.33026208]
[-85.38983233]
[-85.63657093]
[-85.45464995]
[-85.4895934]
[-85.39709955]
[-85.79417775]
[-85.83408283]
[-85.76899691]
[-85.6542382]
[-85.76559085]
[-86.41352754]
[-85.86846222]
[-85.59785798]
[-85.58811985]
[-85.64631354]
[-85.54067289]
[-85.54767246]
[-85.7098]
[-85.72527308]
[-85.4032734]
[-85.38376806]
[-85.53083874]
[-85.49442332]
[-85.56132041]
[-85.55816526]
[-85.63549545]
[-85.57622758]
[-85.92632887]
[-85.82189408]
[-85.74223985]
[-85.5967879]
[-85.62043283]
[-85.51467465]
[-85.19432547]
[-85.3852803]
[-85.32154227]
[-85.29935135]
[-85.54498087]
[-85.83512156]
[-85.69506002]
[-85.85006515]
[-85.87811292]
[-86.04142256]
[-85.85280821]
[-85.71467874]
[-85.54947582]
[-85.76188527]
[-85.65848697]
[-85.5866067]
[-85.31387209]
[-85.45757902]
[-85.49378054]
[-85.69066222]
[-85.34889387]
[-85.35741834]
[-85.38349445]
[-85.65592749]
[-85.76678927]
[-85.66267585]
[-85.68600982]
[-85.66853295]
[-85.5099401]
[-85.94030147]
[-85.78463672]
[-85.67339264]
[-85.53127145]
[-85.48021797]
[-85.54937317]
[-85.26802367]
[-85.3123176]
[-85.0966304]
[-85.26172717]
[-85.25590709]
[-84.95827525]
[-85.20998454]
[-85.23255034]
[-85.15339411]
[-85.39868363]
[-85.3863859]
[-85.50283246]
[-85.55126918]
[-85.46370139]
[-85.62243562]
[-85.91465872]
[-85.86251245]
[-85.28262368]
[-85.23075877]
[-85.30441193]
[-85.62406038]
[-85.29928209]
[-85.72304486]
[-85.56420366]
[-85.3315272]
[-85.41838538]
[-85.40632995]
[-85.55630524]
[-85.38396789]
[-85.38864579]
[-85.43032768]
[-85.8354408]
[-85.74150574]
[-85.62731249]
[-85.72541641]
[-85.70626271]
[-85.49195819]
[-85.5965978]
[-85.47570493]
[-85.68837448]
[-85.71028051]
[-85.77941899]
[-85.6538968]
[-85.70235474]
[-85.74395223]
[-85.69362676]
[-85.9495486]
[-85.78994487]
[-85.66007768]
[-85.97848005]
[-85.6796828]
[-85.57283193]
[-85.60619432]
[-85.55006269]
[-85.40484192]
[-85.53186305]
[-85.7151913]
[-85.75595364]
[-85.67327402]
[-85.67153542]
[-85.57381505]
[-85.53580297]
[-85.5831391]
[-85.733456]
[-85.57310466]
[-86.02244689]
[-85.70912748]
[-85.7824123]
[-85.91284386]
[-85.60186528]
[-85.70099566]
[-86.09159374]
[-85.77105187]
[-85.99414505]
[-85.67617959]
[-85.80695277]
[-85.77519844]
[-85.31746398]
[-85.10976324]
[-85.41307982]
[-85.27934646]
[-85.42298472]
[-85.5069005]
[-85.8295905]
[-85.58684207]
[-85.76482339]
[-85.9028144]
[-85.8782768]
[-85.77558082]
[-85.92098705]
[-85.77864888]
[-85.82291634]
[-85.76872773]
[-85.6963576]
[-85.51419298]
[-85.47836415]
[-85.55202771]
[-85.57129711]
[-85.66473586]
[-85.63906868]
[-85.83211642]
[-85.64410129]
[-85.60134502]
[-85.52949601]
[-85.45653283]
[-85.59588455]
[-85.70163975]
[-85.98899424]
[-86.0240607]
[-85.96627518]
[-85.6718192]
[-85.72662692]
[-85.76807809]
[-85.60656134]
[-85.61408951]
[-85.53611733]
[-85.59998814]
[-85.82326327]
[-85.60837347]
[-85.85217069]
[-85.37002799]
[-85.48995832]
[-85.48602433]
[-85.58783005]
[-85.54101757]
[-85.48493695]
[-85.31883654]
[-85.2554878]
[-85.04575012]
[-85.18389871]
[-85.16797431]
[-85.1323837]
[-85.04634747]
[-85.2947578]
[-85.54159925]
[-85.54420643]
[-85.27707714]
[-85.24428199]
[-85.47939054]
[-85.41165333]
[-85.65828283]
[-85.71414611]
[-85.60752561]
[-85.74721048]
[-85.47653917]
[-85.57137263]
[-85.82126666]
[-85.7981218]
[-85.4976293]
[-85.66519882]
[-85.6007755]
[-85.44498233]
[-85.49957488]
[-85.51531792]
[-85.75742058]
[-85.7178091]
[-85.24725142]
[-85.23888687]
