[-78.52326636]
[-78.76186992]
[-78.64028495]
[-78.62094095]
[-78.69571443]
[-78.64466952]
[-78.43911679]
[-78.58641842]
[-78.52710924]
[-78.40247924]
[-78.44032277]
[-78.42720796]
[-78.21605479]
[-78.07437883]
[-78.18001103]
[-78.26365762]
[-78.55766207]
[-78.57898008]
[-78.59660825]
[-78.555873]
[-78.66671237]
[-78.92833485]
[-78.68617758]
[-78.64544996]
[-78.76521102]
[-78.7676131]
[-78.88662452]
[-78.65937323]
[-78.73743936]
[-78.76527816]
[-78.78070845]
[-78.69512699]
[-78.36156629]
[-78.45506129]
[-78.56735107]
[-78.75026078]
[-78.80629958]
[-78.73101546]
[-78.80581621]
[-78.90240062]
[-78.91475035]
[-78.89795211]
[-78.79735227]
[-78.79967809]
[-78.74029038]
[-78.77738832]
[-78.69018899]
[-78.59467562]
[-78.80231272]
[-78.62785783]
[-78.48103871]
[-78.36068394]
[-78.51221702]
[-78.2975667]
[-78.46195318]
[-78.7347835]
[-78.57091077]
[-78.72501692]
[-78.60689995]
[-78.86872876]
[-78.69232202]
[-78.92591175]
[-78.59973696]
[-78.55312251]
[-78.55012166]
[-78.48256516]
[-78.54265873]
[-78.56085857]
[-78.54511076]
[-78.55247715]
[-78.53858925]
[-78.66807314]
[-78.2581865]
[-78.33915254]
[-78.44409894]
[-78.51447591]
[-78.66136311]
[-78.61163488]
[-78.81156782]
[-78.89874388]
[-78.90220286]
[-78.58188075]
[-78.78809127]
[-78.52553143]
[-78.63661784]
[-78.39427546]
[-78.64760039]
[-78.64489576]
[-78.45064709]
[-78.96177106]
[-78.63420744]
[-78.65444487]
[-78.52622358]
[-78.59884457]
[-78.77967643]
[-78.54878525]
[-78.79350611]
[-78.69327615]
[-78.84631963]
[-78.7542161]
[-78.55732909]
[-78.62124632]
[-78.61286392]
[-78.54472088]
[-79.05887394]
[-78.81559817]
[-78.58986892]
[-78.6577661]
[-78.72944715]
[-78.63601164]
[-78.51328176]
[-78.58458739]
[-78.459656]
[-78.64501006]
[-78.54326699]
[-78.91822637]
[-78.61393259]
[-78.56502094]
[-78.76964094]
[-78.61054612]
[-78.61500954]
[-78.72409885]
[-78.71825492]
[-78.83151399]
[-78.77118448]
[-78.44839723]
[-78.45157802]
[-78.58063712]
[-78.59176823]
[-78.36771527]
[-78.46184692]
[-78.59934252]
[-78.50278615]
[-78.31349592]
[-78.45679033]
[-78.54740221]
[-78.47175489]
[-78.34531992]
[-78.72274483]
[-78.43744706]
[-78.66551815]
[-78.58947]
[-78.56635722]
[-78.64839222]
[-78.55810446]
[-78.68605437]
[-78.57372287]
[-78.7212155]
[-78.6285692]
[-78.75747821]
[-78.94366224]
[-78.87960407]
[-78.5889074]
[-78.71217102]
[-78.70763551]
[-78.58822977]
[-78.6663759]
[-78.80003927]
[-78.52043927]
[-78.44131688]
[-78.64601266]
[-78.83468257]
[-78.4953531]
[-78.69683779]
[-78.66403406]
[-78.66015213]
[-78.52582142]
[-78.50643853]
[-78.49564833]
[-78.66381169]
[-78.4730906]
[-78.37280532]
[-78.56347838]
[-78.63735033]
[-78.66166387]
[-78.57325714]
[-78.70165628]
[-78.578363]
[-78.74018029]
[-78.60569071]
[-78.46033197]
[-78.50143046]
[-78.62556614]
[-78.61052433]
[-78.68441927]
[-78.74918434]
[-78.69402475]
[-78.62619077]
[-78.43129693]
[-78.6280895]
[-78.47616441]
[-78.64153763]
[-78.72242438]
[-78.59912688]
[-78.70186728]
[-78.43675039]
[-78.59693186]
[-78.68091548]
[-78.46431221]
[-78.78563354]
[-78.68976733]
[-78.73145958]
[-78.5894538]
[-78.44883801]
[-78.70779048]
[-78.50608558]
[-78.68105589]
[-78.54762213]
[-78.6810561]
[-78.75539899]
[-78.5491667]
[-78.59350705]
[-78.48830466]
[-78.56299811]
[-78.3775449]
[-78.56923116]
[-78.4743186]
[-78.53337879]
[-78.62917862]
[-78.54089166]
[-78.62435896]
[-78.68659103]
[-78.55783529]
[-78.78960468]
[-78.72673135]
[-78.62671565]
[-78.57941516]
[-78.70806158]
[-78.60074606]
[-78.62436398]
[-78.79731115]
[-78.63794784]
[-78.65940587]
[-78.62234908]
[-78.63010696]
[-78.51563754]
[-78.63243844]
[-78.50473679]
[-78.63579685]
[-78.63130777]
[-78.66719255]
[-78.69385789]
[-78.84462241]
[-78.4337039]
[-78.66176142]
[-78.6674019]
[-78.31224474]
[-78.71783422]
[-78.61173262]
[-78.51495645]
[-78.65974841]
[-78.48946063]
[-78.7076355]
[-78.54795054]
[-78.72778786]
[-78.62090898]
[-78.3591308]
[-78.50054891]
[-78.61036182]
[-78.55362627]
[-78.65030698]
[-78.75439262]
[-78.78698584]
[-78.7683513]
[-78.89807598]
[-78.80226725]
[-78.93377585]
[-78.57687902]
[-78.48533264]
[-78.72821623]
[-78.84956865]
[-78.73087586]
[-78.76594113]
[-78.46821018]
[-78.58120101]
[-78.74094874]
[-78.74025926]
[-78.68895791]
[-78.53367928]
[-78.44896749]
[-78.86654328]
[-78.59866878]
[-78.72846066]
[-78.86348824]
[-78.41677453]
[-78.54721724]
[-78.56295727]
[-78.53233938]
[-78.75377966]
[-78.58887312]
[-78.38838321]
[-78.39652453]
[-78.45017884]
[-78.45162]
[-78.7317177]
[-78.55332277]
[-78.62748094]
[-78.63947658]
[-78.73966627]
[-78.72400001]
[-78.57491351]
[-78.55757745]
[-78.56106202]
[-78.31737082]
[-78.29016588]
[-78.45399357]
[-78.52947043]
[-78.3741348]
[-78.44088211]
[-78.41082221]
[-78.45456299]
[-78.66660622]
[-78.37487034]
[-78.45265587]
[-78.45721798]
[-78.54686456]
[-78.68207115]
[-78.47818945]
[-78.52278009]
[-78.61122185]
[-78.52564656]
[-78.67016943]
[-78.65430071]
[-78.59880366]
[-78.5485301]
[-78.64725704]
[-78.75276246]
[-78.66970936]
[-78.47182558]
[-78.67479969]
[-78.7392564]
[-78.64898111]
[-78.74942028]
[-78.58370349]
[-78.64265607]
[-78.53972377]
[-78.62615628]
[-78.66110624]
[-78.81752912]
[-78.68829592]
[-78.7335473]
[-78.52482844]
[-78.7178603]
[-78.76991908]
[-78.66507357]
[-78.78146172]
[-78.63152266]
[-78.77128591]
[-78.64802871]
[-78.67225151]
[-78.68713684]
[-78.59554728]
[-78.51665213]
[-78.52102459]
[-78.37347842]
[-78.64785705]
[-78.59175259]
[-78.65895168]
[-78.31480597]
[-78.56531949]
[-78.87902019]
[-78.65558934]
[-78.52518687]
[-78.51940348]
[-78.53031803]
[-78.48337791]
[-78.34924471]
[-78.47708732]
[-78.6920548]
[-78.76211582]
[-78.65093934]
[-78.74404694]
[-78.96244806]
[-78.61608983]
[-78.62409397]
[-78.56577818]
[-78.38169191]
[-78.73271963]
[-78.656864]
[-78.64949024]
[-78.55944427]
[-78.5929486]
[-78.35000428]
[-78.44142099]
[-78.51317325]
[-78.59048284]
[-78.58201293]
[-78.70796983]
[-78.57239178]
[-78.55641225]
[-78.44092879]
[-78.7338627]
[-78.86225566]
[-79.0156024]
[-78.89832958]
[-78.6052889]
[-78.67105934]
[-78.48978318]
[-78.53871587]
[-78.4317161]
[-78.46238078]
[-78.41624477]
[-78.58256568]
[-78.33434191]
[-78.39424891]
[-78.35457747]
[-78.4526718]
[-78.35235622]
[-78.47710137]
[-78.142262]
[-78.61990947]
[-78.58334288]
[-78.75071354]
[-78.71215501]
[-78.50996318]
[-78.44896171]
[-78.54222324]
[-78.43183104]
[-78.48995593]
[-78.34947163]
[-78.30692379]
[-78.41149286]
[-78.43393488]
[-78.64620845]
[-78.41133615]
[-78.55851065]
[-78.50821392]
[-78.69183821]
[-78.50416589]
[-78.50655025]
[-78.49239993]
[-78.69069847]
[-78.83662183]
[-78.86249752]
[-78.79371783]
[-78.85323618]
[-78.67688912]
[-78.5438658]
[-78.7709266]
[-78.64396161]
[-78.59780607]
[-78.38540191]
[-78.32732994]
[-78.42603335]
[-78.55807792]
[-78.75261346]
[-78.53099853]
[-78.67657583]
[-78.9190692]
[-78.75562111]
[-78.89963217]
[-78.64880402]
[-78.85946118]
[-78.62864189]
[-78.8750805]
[-78.81749916]
[-78.66192305]
[-78.64594085]
[-78.70492422]
[-78.2639504]
[-78.39750394]
[-78.57466737]
[-78.49897126]
[-78.66126291]
[-78.40955828]
[-78.68503647]
[-78.65964441]
[-78.50553473]
[-78.48485543]
[-78.6595441]
[-78.74108926]
[-78.7176769]
[-78.76438815]
[-78.8489458]
[-78.87097402]
[-78.97568216]
[-78.51766096]
[-78.59914722]
[-78.58392222]
[-78.58902167]
[-78.28447661]
[-78.35959329]
[-78.51957717]
[-78.61878648]
[-78.74009166]
[-79.01831185]
[-78.60314408]
[-78.55228289]
[-78.46543718]
[-78.47892512]
[-78.45025386]
[-78.54127148]
[-78.86510912]
[-78.9983834]
[-78.82394444]
[-78.77764777]
[-78.77064382]
[-78.60586445]
[-78.60933601]
[-78.42509448]
[-78.47006519]
[-78.54947962]
[-78.53936406]
[-78.69559421]
[-78.5679213]
[-78.49610466]
[-78.3897069]
[-78.60161992]
[-78.56147325]
[-78.50250005]
[-78.83004014]
[-78.64883386]
[-78.70839929]
[-78.64356148]
[-78.69178942]
[-78.716902]
[-78.54770611]
[-78.67226176]
[-78.52170144]
[-78.35384152]
[-78.39728283]
[-78.65111109]
[-78.84655019]
[-78.86143475]
[-78.80011082]
[-78.53615043]
[-78.58975645]
[-78.55395121]
[-78.49765506]
[-78.5020958]
[-78.48876066]
[-78.5343834]
[-78.66771442]
[-78.50406371]
[-78.76418407]
[-79.0478518]
[-78.83006924]
[-78.85417366]
[-78.49256108]
[-78.69721948]
[-78.4921601]
[-78.97200424]
[-78.60220606]
[-78.61767566]
[-78.71232069]
[-78.74373675]
[-78.89014911]
[-78.63100857]
[-78.84715551]
[-78.52853676]
[-78.69270717]
[-78.9673987]
[-78.98983831]
[-78.86724003]
[-78.7766556]
[-78.72569279]
[-78.80587781]
[-78.76322518]
[-78.73500502]
[-78.58610825]
[-78.68450709]
[-78.64978518]
[-78.50874496]
[-78.69015042]
[-78.610011]
[-78.78706166]
[-78.56975313]
[-78.63653359]
[-78.56187355]
[-78.85670355]
[-78.67302349]
[-78.6604094]
[-78.54892832]
[-78.55252164]
[-78.51044662]
[-78.55891698]
[-78.40904111]
[-78.33989178]
[-78.59419818]
[-78.48291099]
[-78.58424284]
[-78.67594803]
[-78.61054569]
[-78.68554217]
[-78.73356442]
[-78.51787981]
[-78.37235522]
[-78.71698757]
[-78.76121083]
[-78.88223725]
[-78.65265881]
[-78.44516092]
[-78.47316588]
[-78.39174318]
[-78.36579372]
[-78.48200834]
[-78.4205348]
[-78.39706374]
[-78.45521826]
[-78.72335766]
[-78.58490972]
[-78.6514983]
[-78.85069126]
[-78.69095762]
[-78.58053135]
[-78.76931891]
[-78.52373954]
[-78.41345494]
[-78.60117749]
[-78.69958803]
[-78.49548094]
[-78.87342804]
[-78.67090448]
[-78.60619362]
[-78.53567478]
[-78.41249704]
[-78.41441309]
[-78.50419114]
[-78.46328466]
[-78.72820552]
[-78.74643467]
[-78.45644551]
[-78.48981417]
[-78.62142497]
[-78.40214208]
[-78.74771777]
[-78.64526686]
[-78.79870669]
[-78.84835337]
[-79.0842145]
[-78.93387673]
[-78.72708702]
[-78.48969625]
[-78.29040033]
[-78.40905295]
[-78.47398605]
[-78.55895185]
[-78.55601314]
[-78.37190963]
[-78.6614577]
[-78.59606484]
[-78.51187933]
[-78.37813144]
[-78.48093118]
[-78.42018879]
[-78.23931026]
[-78.4718741]
[-78.52062162]
[-78.8250995]
[-78.64556166]
[-78.71472915]
[-78.68596069]
[-78.55709655]
[-78.62929142]
[-78.5924741]
[-78.67321461]
[-78.69325741]
[-78.53795401]
[-78.63445579]
[-78.76928667]
[-78.81175195]
[-78.70055747]
[-78.63697074]
[-78.74012521]
[-78.58245234]
[-78.7230037]
[-78.46944395]
[-78.46591376]
[-78.71119747]
[-78.47530091]
[-78.39598399]
[-78.42724267]
[-78.59524928]
[-78.42280951]
[-78.69280003]
[-78.52129109]
[-78.58784897]
[-78.61649823]
[-78.58876797]
[-78.6205491]
[-78.52735434]
[-78.57521407]
[-78.49508858]
[-78.4628205]
[-78.7248709]
[-78.71431631]
[-78.82070752]
[-78.64867837]
[-78.66853593]
[-78.56249339]
[-78.48073375]
[-78.39800548]
[-78.50973175]
[-78.61412296]
[-78.59529024]
[-78.46688273]
[-78.41881609]
[-78.72995997]
[-78.86784746]
[-78.89665639]
[-78.79967295]
[-78.81937303]
[-78.83507843]
[-78.8546442]
[-78.78607512]
[-78.70818322]
[-78.71951155]
[-78.68815558]
[-78.64942129]
[-78.54824743]
[-78.70798684]
[-78.41712499]
[-78.804378]
[-78.41642982]
[-78.59536241]
[-78.49316483]
[-78.73775944]
[-78.71535659]
[-78.64086636]
[-78.76316165]
[-78.64312099]
[-78.63651906]
[-79.02685699]
[-78.82411023]
[-78.82923904]
[-78.73523239]
[-78.65442539]
[-78.66178503]
[-78.69598802]
[-78.56940643]
[-78.60115024]
[-78.50973405]
[-78.37578276]
[-78.2507206]
[-78.24889601]
[-78.27403058]
[-78.39501034]
[-78.32069902]
[-78.65274848]
[-78.50059229]
[-78.8917636]
[-78.89002887]
[-78.70911037]
[-78.53249267]
[-78.55938722]
[-78.60805143]
[-78.79056479]
[-78.74372694]
[-78.53657725]
[-78.92319839]
[-78.59128122]
[-78.52801884]
[-78.45100719]
[-78.53538822]
[-78.42959981]
[-78.63558037]
[-78.38915019]
[-78.40613506]
[-78.43260991]
[-78.56425594]
[-78.6276256]
[-78.66182025]
[-78.67440908]
[-78.6752717]
[-78.54965189]
[-78.70551965]
[-78.54347078]
[-78.72906307]
[-78.34874742]
[-78.53214153]
[-78.55778997]
[-78.30722739]
[-78.46687863]
[-78.54059673]
[-78.32839421]
[-78.31987916]
[-78.36515431]
[-78.47188244]
[-78.34373276]
[-78.37907004]
[-78.49511284]
[-78.39988566]
[-78.53592557]
[-78.41072075]
[-78.41422546]
[-78.69579355]
[-78.46739705]
[-78.24627512]
[-78.3061805]
[-78.56507792]
[-78.78951995]
[-78.6531176]
[-78.52020917]
[-78.94440252]
[-78.77376045]
[-78.77523536]
[-78.62573527]
[-78.75210313]
[-78.70835747]
[-78.75838528]
[-78.87245744]
[-78.7523152]
[-78.80931157]
[-78.57919835]
[-78.64780829]
[-78.58916824]
[-78.41991776]
[-78.52264181]
[-78.6716854]
[-78.98837081]
[-78.83817159]
[-78.8113877]
[-78.8171798]
[-78.93319231]
[-78.75801424]
[-78.95290064]
[-78.79896146]
[-79.22207158]
[-78.97018904]
[-79.04269051]
[-78.96115151]
[-78.86180039]
[-78.7538684]
[-78.75522805]
[-78.80447882]
[-78.62558909]
[-78.60812421]
[-78.2822674]
[-78.64021056]
[-78.71327151]
[-78.69269214]
[-78.95769699]
[-78.93820136]
[-79.30136347]
[-78.95629951]
[-79.10830525]
[-78.76256561]
[-78.95316913]
[-79.02894842]
[-79.00625755]
[-78.74111069]
[-78.72701635]
[-78.44937211]
[-78.61752315]
[-78.43817097]
[-78.62477624]
[-78.59420267]
[-78.61637935]
[-78.54257924]
[-78.54267292]
[-78.52178527]
[-78.57286899]
[-78.71384072]
[-78.55031096]
[-78.54231694]
[-78.96307052]
[-78.67721172]
[-78.78120459]
[-78.58687127]
[-78.55706348]
[-78.69504812]
[-78.75350991]
[-78.68603588]
[-78.69383198]
[-78.71887062]
[-78.69257666]
[-78.87210388]
[-78.55787925]
[-78.71910207]
[-78.42843658]
[-78.5667658]
[-78.74642076]
[-78.91740147]
[-78.69708718]
[-78.52818276]
[-78.71504334]
[-78.67974158]
[-78.7274243]
[-78.6888705]
[-78.72217752]
[-78.85144162]
[-78.80721026]
[-78.74082058]
[-78.5140636]
[-78.79995598]
[-78.45301737]
[-78.53500862]
[-78.51912645]
[-78.74853748]
[-78.70769692]
[-78.7502903]
[-78.81769982]
[-78.81689512]
[-78.82077998]
[-78.60105989]
[-78.82751864]
[-78.67215388]
[-78.88222673]
[-78.8506186]
[-78.65063051]
[-78.60112568]
[-78.63692031]
[-78.55872978]
[-78.47830999]
[-78.31001168]
[-78.41231624]
[-78.49481564]
[-78.48247389]
[-78.49914247]
[-78.64763982]
[-78.65762076]
[-78.46471876]
[-78.65298752]
[-78.58824229]
[-78.59464082]
[-78.55029672]
[-78.4573408]
[-78.52063086]
[-78.66281773]
[-78.69792468]
[-78.54161694]
[-78.35863195]
[-78.61525339]
[-78.54865042]
[-78.69340908]
[-78.67171695]
[-78.72303236]
[-78.54810847]
[-78.46584298]
[-78.55415136]
[-78.6142937]
[-78.67435548]
[-78.65563641]
[-78.83956126]
[-78.90530367]
[-78.68849394]
[-78.72824984]
[-78.61192878]
[-78.49175116]
[-78.58207187]
[-78.55929324]
[-78.76016658]
[-78.56516624]
[-78.6654601]
[-78.71080445]
[-78.87336577]
[-78.66090842]
[-78.7288984]
[-78.70792069]
[-78.66625365]
[-78.71204268]
[-78.69051754]
[-78.57375906]
[-78.58153488]
[-78.43421999]
[-78.50807645]
[-78.76813178]
[-78.7266766]
[-78.65234237]
[-78.52839185]
[-78.5034939]
[-78.57901095]
[-78.46030087]
[-78.58160592]
[-78.71465483]
[-78.49218973]
[-78.51062897]
[-78.82323289]
[-78.81507561]
[-78.71639445]
[-78.74311185]
[-78.71800459]
[-78.57720854]
[-78.69657295]
[-78.71167073]
[-78.69146825]
[-78.79552009]
[-78.67783094]
[-78.6413476]
[-78.9877226]
[-78.46909094]
[-78.58195902]
[-78.55754678]
[-78.41223938]
[-78.52544013]
[-78.52762507]
[-78.5877542]
[-78.65185725]
[-78.8202692]
[-78.70933614]
[-78.49750828]
[-78.36139872]
[-78.51834609]
[-78.36407779]
[-78.35054221]
[-78.56680817]
[-78.47224388]
[-78.70818373]
[-78.6522614]
[-78.3665116]
[-78.50264236]
[-78.56745367]
[-78.69682298]
[-78.80547826]
[-78.85949022]
[-78.7557399]
[-78.70108333]
[-78.78151755]
[-78.85968708]
[-78.89375622]
[-78.53681955]
[-78.68232282]
[-78.58315588]
[-78.42649449]
[-78.46413566]
[-78.38571117]
[-78.27844359]
[-78.20610569]
[-78.19948541]
[-78.53319685]
[-78.35792203]
[-78.36740678]
[-78.34286853]
[-78.46034522]
[-78.4090631]
[-78.3482586]
[-78.54344792]
[-78.44401628]
[-78.38544047]
[-78.26891235]
[-78.30367648]
[-78.16975346]
[-78.08481474]
[-78.2306028]
[-78.41443653]
[-78.50645838]
[-78.42496079]
[-78.45007948]
[-78.43157838]
[-78.66643574]
[-78.48780184]
[-78.78182334]
[-78.76684731]
[-78.53574335]
[-78.55049138]
[-78.6072296]
[-78.88306974]
[-78.84459377]
[-78.87060753]
[-78.90421983]
[-78.71285701]
[-78.57311017]
[-78.50577503]
[-78.57137283]
[-78.63594349]
[-78.53539017]
[-78.45197949]
[-78.24790676]
[-78.38474896]
[-78.68575803]
[-78.66292686]
[-78.84060997]
[-78.69796333]
[-78.79512108]
[-78.73064093]
[-78.62959591]
[-78.7050064]
[-78.74568642]
[-78.74268054]
[-78.75225014]
[-78.82031917]
[-78.68285716]
[-78.58857765]
[-78.66667872]
[-78.52908054]
[-78.62829657]
[-78.6307017]
[-78.67426865]
[-79.1349142]
[-78.75053039]
[-78.41293205]
[-78.73876052]
[-78.64132171]
[-78.58973912]
[-78.67949763]
[-78.51805772]
[-78.69871589]
[-78.70760116]
[-78.78143654]
[-78.6823388]
[-78.66195906]
[-78.60693812]
[-78.58764706]
[-78.53657604]
[-78.68209324]
[-78.68796022]
[-78.67126965]
[-78.66463807]
[-78.85317132]
[-78.67676799]
[-78.75568377]
[-78.53138754]
[-78.45794796]
[-78.57416614]
[-78.73113198]
[-78.68633242]
[-78.68331697]
[-78.78516146]
[-78.61957186]
[-78.80537518]
[-78.91931748]
[-78.8310221]
[-78.8973651]
[-78.88845849]
[-78.61536519]
[-78.72195163]
[-78.59362434]
[-78.80223229]
[-78.4625001]
[-78.54506827]
[-78.49229334]
[-78.82176622]
[-78.57166056]
[-78.63926901]
[-78.5233953]
[-78.39532208]
[-78.29146604]
[-78.28852286]
[-78.19550658]
[-78.40385202]
[-78.44425255]
[-78.43679473]
[-78.59812383]
[-78.49728022]
[-78.5568853]
[-78.62386239]
[-78.66983636]
[-78.64128885]
[-78.89293598]
[-78.70665304]
[-78.82578551]
[-78.77948876]
[-78.86876885]
[-78.64508455]
[-78.63818349]
[-78.68497079]
[-78.69659922]
[-78.69444175]
[-78.70382573]
[-78.64190776]
[-78.71060976]
[-78.4931664]
[-78.5938517]
[-78.5922245]
[-78.75991178]
[-78.66760625]
[-78.73752458]
[-78.74634439]
[-78.67195558]
[-78.77021673]
[-78.61478049]
[-78.67111551]
[-78.68896576]
[-78.61421901]
[-78.81591851]
[-78.67670334]
[-78.60605748]
[-78.84766092]
[-78.81991015]
[-78.93414589]
[-78.86750064]
[-78.90809385]
[-78.75156184]
[-78.69032006]
[-78.806923]
[-78.77778851]
[-78.75941068]
[-78.75323419]
[-78.81169423]
[-78.42519027]
[-78.69917677]
[-78.49500288]
[-78.72771678]
[-78.66653955]
[-78.76546727]
[-78.59266676]
[-78.63280724]
[-78.85475949]
[-78.85978077]
[-78.72570933]
[-78.7572029]
[-78.60835637]
[-78.35991528]
[-78.8031838]
[-78.69991479]
[-78.73633872]
[-78.75223391]
[-78.69995967]
[-78.63571404]
[-78.75160625]
