[-76.69873398]
[-76.59255743]
[-76.63949107]
[-76.63887609]
[-76.56950016]
[-76.57116339]
[-76.68113299]
[-76.73869084]
[-76.72641003]
[-76.74058859]
[-76.81054218]
[-76.6352006]
[-76.63094164]
[-76.74250434]
[-76.84284711]
[-76.7332849]
[-76.48898383]
[-76.66871529]
[-76.54775627]
[-76.74393805]
[-76.5786658]
[-76.70870322]
[-76.53127643]
[-76.76703221]
[-76.61202106]
[-76.42431363]
[-76.67926685]
[-76.67438199]
[-76.87709321]
[-76.83111901]
[-76.59451487]
[-76.88899336]
[-76.6428431]
[-76.71833397]
[-76.72789775]
[-76.66954407]
[-76.72602887]
[-76.48997217]
[-76.40988385]
[-76.52308162]
[-76.58201602]
[-76.76793056]
[-76.5255243]
[-76.69820327]
[-76.53905769]
[-76.57617624]
[-76.76319133]
[-76.63610814]
[-76.7325486]
[-76.71108358]
[-76.81859668]
[-76.74359824]
[-76.79012969]
[-76.52582173]
[-76.61419573]
[-76.50361448]
[-76.61422358]
[-76.63253806]
[-76.59020124]
[-76.51392709]
[-76.62142792]
[-76.66032344]
[-76.75570352]
[-76.61465207]
[-76.78632142]
[-76.86091336]
[-76.79501255]
[-77.09255455]
[-76.83841435]
[-76.75528463]
[-76.89837741]
[-76.76786297]
[-76.6659666]
[-76.53494443]
[-76.80753377]
[-76.6484674]
[-76.60832003]
[-76.86821122]
[-76.6553275]
[-76.68581365]
[-76.88150927]
[-76.50824692]
[-76.69416384]
[-76.80453043]
[-76.79843507]
[-76.62654678]
[-76.68148416]
[-76.74168099]
[-76.67472339]
[-76.85522865]
[-76.77880086]
[-76.76296892]
[-76.73610604]
[-76.83429181]
[-76.6429736]
[-76.83142218]
[-76.85299165]
[-76.65185357]
[-76.6390744]
[-76.69826946]
[-76.5463051]
[-76.41894633]
[-76.55496707]
[-76.60923244]
[-76.50780846]
[-76.75245999]
[-76.65901355]
[-76.52745687]
[-76.47911453]
[-76.68360042]
[-76.82235112]
[-76.67451173]
[-76.82126383]
[-76.80636298]
[-76.81094487]
[-76.79477729]
[-76.69746584]
[-76.8650136]
[-76.81814799]
[-77.00572118]
[-76.9297093]
[-76.87661234]
[-76.92258221]
[-76.80460251]
[-76.87361581]
[-76.83628334]
[-76.67168186]
[-76.72272053]
[-76.7342892]
[-76.61128489]
[-76.61446241]
[-76.58472328]
[-76.40713139]
[-76.54680635]
[-76.56166992]
[-76.6215121]
[-76.60304359]
[-76.70503183]
[-76.78824022]
[-76.68906631]
[-76.95685955]
[-76.65295962]
[-76.66657918]
[-76.88083239]
[-76.74787795]
[-76.71721668]
[-76.70439656]
[-76.59519305]
[-76.82696214]
[-76.76476324]
[-76.71868836]
[-76.65563178]
[-76.71380049]
[-76.83797929]
[-76.85070128]
[-76.56586041]
[-76.6422581]
[-76.6267309]
[-76.80243559]
[-76.63337537]
[-76.76246333]
[-76.81272782]
[-76.93594288]
[-76.77347888]
[-76.45156221]
[-76.54359816]
[-76.80063152]
[-76.80230142]
[-76.61204549]
[-76.30074744]
[-76.56830546]
[-76.44003111]
[-76.51733833]
[-76.49633204]
[-76.5812216]
[-76.61819657]
[-76.50318616]
[-76.61030389]
[-76.83079143]
[-76.8862961]
[-76.66701421]
[-76.46963522]
[-76.49205245]
[-76.56630954]
[-76.56229141]
[-76.49889406]
[-76.4061514]
[-76.34190607]
[-76.59051124]
[-76.51701299]
[-76.68339079]
[-76.6513062]
[-76.62559879]
[-76.6006699]
[-76.68963304]
[-76.65371866]
[-76.78444748]
[-76.85073389]
[-76.94242337]
[-76.68679184]
[-76.74567315]
[-76.802051]
[-76.74199507]
[-76.96437246]
[-76.75549518]
[-76.77337231]
[-76.57900038]
[-76.67116592]
[-76.4839244]
[-76.68711015]
[-76.69983108]
[-76.93410094]
[-76.8123205]
[-76.77014752]
[-76.75431444]
[-76.64814379]
[-76.70348147]
[-76.84303451]
[-76.70191506]
[-76.63270844]
[-76.84684602]
[-76.85265719]
[-76.6927475]
[-76.55766555]
[-76.71932461]
[-76.62620059]
[-76.44752158]
[-76.55942625]
[-76.71394054]
[-76.6826445]
[-76.73417606]
[-76.70786852]
[-76.47548271]
[-76.81191251]
[-76.75651462]
[-76.72267312]
[-76.74611172]
[-76.80721518]
[-76.63508573]
[-76.47711937]
[-76.45790801]
[-76.69912576]
[-76.65953905]
[-76.68696595]
[-76.67075795]
[-76.85822001]
[-76.75566054]
[-76.58295251]
[-76.72408338]
[-76.53643303]
[-76.62488187]
[-76.51897741]
[-76.55413349]
[-76.61582714]
[-76.53619234]
[-76.52664215]
[-76.59459754]
[-76.66352215]
[-76.52898959]
[-76.63925416]
[-76.62140168]
[-76.79834787]
[-76.71534095]
[-76.48424935]
[-76.78766625]
[-76.74791709]
[-76.54689965]
[-76.77136136]
[-76.77860113]
[-76.78715088]
[-76.70669906]
[-76.59551814]
[-76.39723455]
[-76.67124081]
[-76.70661544]
[-76.70374823]
[-76.68843645]
[-76.67222615]
[-76.58160739]
[-76.66053939]
[-76.64926525]
[-76.66220864]
[-76.7055271]
[-76.82758039]
[-76.77033221]
[-76.58893306]
[-76.91943715]
[-76.79466134]
[-76.78840915]
[-76.80959422]
[-76.72344134]
[-76.47205294]
[-76.84022169]
[-76.58757876]
[-76.67329143]
[-76.6698731]
[-76.64073077]
[-76.654985]
[-76.5215498]
[-76.65419532]
[-76.69976558]
[-76.3992654]
[-76.66253783]
[-76.61423074]
[-76.89775253]
[-76.59196001]
[-76.70308665]
[-76.4854534]
[-76.58129782]
[-76.65003271]
[-76.65059898]
[-76.60374628]
[-76.46389221]
[-76.71804335]
[-76.80564829]
[-76.55581193]
[-76.64978293]
[-76.51056235]
[-76.70359815]
[-76.48678624]
[-76.5195258]
[-76.59223778]
[-76.60655004]
[-76.55801951]
[-76.35064825]
[-76.50272991]
[-76.60242457]
[-76.54817567]
[-76.67076735]
[-76.5995064]
[-76.50629416]
[-76.79996842]
[-77.12251106]
[-76.89483059]
[-76.80264567]
[-76.75769382]
[-76.8448159]
[-76.81260279]
[-76.90072769]
[-76.86390393]
[-76.72703637]
[-76.97716988]
[-76.77764481]
[-77.09906614]
[-77.03011244]
[-76.74997305]
[-76.78614121]
[-76.77955969]
[-76.77075457]
[-76.79701461]
[-76.71475572]
[-76.64103081]
[-76.54540831]
[-76.37979293]
[-76.49338908]
[-76.57029446]
[-76.60106929]
[-76.51213718]
[-76.58642788]
[-76.80104001]
[-76.78155874]
[-76.71069876]
[-76.48884917]
[-76.61605642]
[-76.76697975]
[-76.77389305]
[-76.68798806]
[-76.70761313]
[-76.81204276]
[-76.92697047]
[-76.70816782]
[-76.5333071]
[-76.64069093]
[-76.56405706]
[-76.29116872]
[-76.47367849]
[-76.90993776]
[-76.83357639]
[-76.73747009]
[-76.74708257]
[-76.75034926]
[-76.56473734]
[-76.73266866]
[-76.56579788]
[-76.65469833]
[-76.65136664]
[-76.87922782]
[-76.82358269]
[-76.65842441]
[-76.64473938]
[-76.64845576]
[-76.62888474]
[-76.67603639]
[-76.67901229]
[-76.74034921]
[-76.70403031]
[-76.80987184]
[-76.89352801]
[-76.76280655]
[-76.61196967]
[-76.76095918]
[-76.54446176]
[-76.83368359]
[-76.98578998]
[-76.78753987]
[-76.85586682]
[-76.73444077]
[-76.67543215]
[-76.97625454]
[-76.8186049]
[-76.78574307]
[-76.76444349]
[-76.68212392]
[-76.51286813]
[-76.60846539]
[-76.77183914]
[-76.7668619]
[-76.68836713]
[-76.82480375]
[-76.70763547]
[-76.76451428]
[-76.56003143]
[-76.72400299]
[-76.64558056]
[-76.64887903]
[-76.71819819]
[-76.91801894]
[-76.57228913]
[-76.53182805]
[-76.58588941]
[-76.60481934]
[-76.70736134]
[-76.7496342]
[-76.56798263]
[-76.87341355]
[-76.68006634]
[-76.50879253]
[-76.86107079]
[-76.91412758]
[-76.75528263]
[-76.45021063]
[-76.59699725]
[-76.70719288]
[-76.66128914]
[-76.95172209]
[-76.85086933]
[-76.61904145]
[-76.56441536]
[-76.74184549]
[-76.7204669]
[-76.57754002]
[-76.52469037]
[-76.57836805]
[-76.4227894]
[-76.47672152]
[-76.60014351]
[-76.80872459]
[-76.68049538]
[-76.56386155]
[-76.62710038]
[-76.54198405]
[-76.77083243]
[-76.52068365]
[-76.53774811]
[-76.58446359]
[-76.60660894]
[-76.69950646]
[-76.70821737]
[-76.77203202]
[-76.93936139]
[-76.61340027]
[-76.77737402]
[-76.5850698]
[-76.6320267]
[-76.58153915]
[-76.70156246]
[-76.82600314]
[-76.69818502]
[-76.73403727]
[-76.6305959]
[-76.46990773]
[-76.65127796]
[-76.60272055]
[-76.58807346]
[-76.68987968]
[-76.66927693]
[-76.70029722]
[-76.68111196]
[-76.61818195]
[-76.75458664]
[-76.71596952]
[-76.69992184]
[-76.80745153]
[-76.64331371]
[-76.64289596]
[-76.7438178]
[-76.6866566]
[-76.68574045]
[-76.68862062]
[-76.72561485]
[-76.66411496]
[-76.46293314]
[-76.42322893]
[-76.77062154]
[-76.96853371]
[-77.021133]
[-76.91748203]
[-76.66998232]
[-76.53681175]
[-76.6187116]
[-76.50627128]
[-76.67747064]
[-76.68948677]
[-76.67670749]
[-76.71739552]
[-76.64628421]
[-76.65496081]
[-76.59580784]
[-76.40625034]
[-76.46993361]
[-76.60823306]
[-76.64859063]
[-76.78867097]
[-76.80404152]
[-76.92089429]
[-76.89321316]
[-76.70178907]
[-76.78803252]
[-76.78370652]
[-76.54613689]
[-76.6121404]
[-76.62364283]
[-76.60019287]
[-76.6795072]
[-76.74322529]
[-76.65584593]
[-76.42507371]
[-76.64900374]
[-76.71800851]
[-76.57037451]
[-76.76806158]
[-76.59901998]
[-76.51807613]
[-76.91634934]
[-76.61693004]
[-76.86845152]
[-76.86464615]
[-76.60355181]
[-76.65191928]
[-76.77405099]
[-76.8029995]
[-76.72226895]
[-76.6111679]
[-76.57999651]
[-76.71084892]
[-76.58443167]
[-76.58486928]
[-76.74565804]
[-76.37636564]
[-76.58415527]
[-76.84622576]
[-76.68427751]
[-76.70280109]
[-76.67921306]
[-76.53617856]
[-76.67474714]
[-76.87376111]
[-76.68103875]
[-76.73815985]
[-76.85141967]
[-76.70903098]
[-76.88274124]
[-76.88408436]
[-76.67016324]
[-76.84318964]
[-76.5287665]
[-76.5522676]
[-76.78409458]
[-76.71905841]
[-76.64978357]
[-76.93425472]
[-76.66285709]
[-76.86410635]
[-76.68440222]
[-76.76362117]
[-76.83287807]
[-76.64037921]
[-76.76124308]
[-76.78218277]
[-76.64529196]
[-76.68420355]
[-76.6033268]
[-76.76631444]
[-76.75485563]
[-76.73145268]
[-76.74731922]
[-76.70244066]
[-76.77133773]
[-76.59105455]
[-76.56758968]
[-76.61838551]
[-76.67141247]
[-76.66172614]
[-76.62796527]
[-76.74502536]
[-76.52947285]
[-76.62703062]
[-76.73007242]
[-76.57377752]
[-76.7057228]
[-76.67004321]
[-76.59704643]
[-76.59615883]
[-76.68633453]
[-76.8224843]
[-76.59480255]
[-76.46084732]
[-76.56637808]
[-76.76212612]
[-76.9213991]
[-76.89152038]
[-76.96909372]
[-76.8822233]
[-76.96737667]
[-76.91372759]
[-76.69993726]
[-76.78997472]
[-76.83559923]
[-76.74658727]
[-76.86559614]
[-76.76269589]
[-76.50403602]
[-76.92440371]
[-76.71321643]
[-76.74469747]
[-76.6592912]
[-76.51189524]
[-76.55774643]
[-76.61039169]
[-76.69019996]
[-76.79187325]
[-76.8389793]
[-76.85376401]
[-76.83388427]
[-76.70552658]
[-76.89524366]
[-76.69751869]
[-76.66471651]
[-76.91914754]
[-76.63173592]
[-76.68183332]
[-76.95117678]
[-76.8062563]
[-76.99674943]
[-76.87157946]
[-76.81565709]
[-77.01325802]
[-76.90442798]
[-76.91737686]
[-76.95258374]
[-76.78167652]
[-76.76726845]
[-76.50996111]
[-76.65098323]
[-76.45924152]
[-76.63714684]
[-76.79390989]
[-76.98407922]
[-76.80413591]
[-76.87258886]
[-76.92803708]
[-76.66333241]
[-76.65387227]
[-76.77671198]
[-76.57724082]
[-76.52774012]
[-76.63744214]
[-76.82640909]
[-76.5551502]
[-76.76787035]
[-76.44345163]
[-76.56404717]
[-76.32015727]
[-76.63731188]
[-76.6610053]
[-76.58637108]
[-76.90001499]
[-76.49209056]
[-76.73641035]
[-76.69915854]
[-76.62197226]
[-76.83511087]
[-76.81897659]
[-76.52850599]
[-76.76773015]
[-76.70111718]
[-76.65504316]
[-76.66984583]
[-76.64476175]
[-76.64570093]
[-76.64126243]
[-76.69038922]
[-76.70094487]
[-76.76959183]
[-76.79942207]
[-76.76507082]
[-76.75774846]
[-76.93440841]
[-76.88757017]
[-77.05684965]
[-76.69603651]
[-76.78153393]
[-76.87708099]
[-76.67435729]
[-76.85180645]
[-76.88175783]
[-76.81565858]
[-76.76507628]
[-76.85586479]
[-76.60836784]
[-76.70787672]
[-76.66325147]
[-76.52150298]
[-76.77091037]
[-76.67028371]
[-76.51926977]
[-76.56897006]
[-76.70417702]
[-76.63045705]
[-76.62618767]
[-76.64197643]
[-76.61449146]
[-76.74931259]
[-77.02837647]
[-77.04605312]
[-77.05019116]
[-76.88942008]
[-77.00804375]
[-76.92597541]
[-76.88997541]
[-76.74782699]
[-76.87835563]
[-76.83703778]
[-76.38372114]
[-76.72402524]
[-76.59422885]
[-76.8278009]
[-76.49755007]
[-76.53927575]
[-76.69804175]
[-76.60219916]
[-76.85929703]
[-76.98278565]
[-76.95526645]
[-76.928963]
[-76.89397252]
[-76.81652548]
[-76.60127597]
[-76.69697274]
[-76.66489066]
[-76.86163282]
[-76.88433433]
[-77.05395622]
[-76.95661975]
[-76.82851303]
[-76.73123124]
[-76.87513583]
[-76.93778506]
[-76.98185321]
[-76.94637987]
[-76.80722948]
[-77.01291132]
[-76.82653826]
[-76.73512721]
[-76.5238601]
[-76.79871301]
[-76.59972618]
[-76.70851121]
[-76.67389175]
[-76.53044107]
[-76.74156771]
[-76.77789702]
[-76.66278202]
[-76.58689835]
[-76.67671375]
[-76.94214466]
[-76.74631434]
[-76.74075286]
[-76.84717605]
[-76.88120718]
[-76.85513606]
[-76.80640496]
[-76.61965747]
[-76.60294244]
[-76.62329928]
[-76.92059631]
[-76.69796031]
[-76.70237479]
[-76.77703501]
[-76.93692633]
[-76.79568964]
[-76.91535786]
[-76.71057503]
[-76.72527217]
[-77.01155964]
[-76.83469322]
[-76.91218886]
[-76.55253642]
[-76.71419273]
[-76.77353188]
[-76.73514086]
[-76.51723342]
[-76.50400064]
[-76.61778206]
[-76.52025857]
[-76.57131257]
[-76.54992594]
[-76.53317836]
[-76.64140907]
[-76.79659365]
[-76.7798401]
[-76.67210578]
[-76.71852351]
[-76.73969724]
[-77.04958185]
[-77.00849927]
[-76.92087438]
[-76.93852905]
[-76.91587727]
[-76.88365474]
[-76.97940854]
[-76.68382204]
[-76.77506958]
[-76.51935953]
[-76.40442577]
[-76.76481155]
[-76.79117858]
[-76.63862681]
[-76.45024766]
[-76.59683659]
[-76.58903952]
[-76.65130897]
[-76.77264126]
[-76.71581919]
[-76.67396499]
[-76.8874132]
[-76.84625751]
[-76.89055754]
[-76.9028335]
[-76.90969724]
[-76.70591268]
[-76.78042261]
[-76.77441105]
[-76.76632778]
[-76.85216698]
[-76.75941853]
[-76.60413308]
[-76.84675348]
[-76.72756156]
[-76.76285916]
[-76.54695573]
[-76.93095766]
[-76.85140299]
[-76.56813282]
[-76.59796983]
[-76.66298862]
[-76.74166691]
[-76.41803304]
[-76.67346758]
[-76.67920066]
[-76.72937331]
[-76.73836513]
[-76.56982583]
[-76.88573085]
[-76.85469672]
[-76.93673154]
[-76.6850855]
[-76.98452713]
[-77.04030547]
[-76.91088739]
[-76.65910396]
[-76.93738939]
[-77.05172483]
[-77.11647795]
[-77.0638912]
[-76.72314944]
[-76.70730716]
[-76.71962108]
[-76.91046508]
[-76.87501759]
[-77.02604416]
[-77.04351113]
[-76.81224298]
[-76.66941371]
[-76.87325059]
[-76.83817975]
[-76.95316458]
[-76.8618498]
[-76.75910387]
[-76.84974261]
[-76.91824021]
[-76.71692449]
[-76.76641332]
[-77.0397865]
[-76.74500506]
[-76.94254326]
[-77.00256346]
[-76.95381671]
[-77.00416682]
[-76.95932392]
[-76.9843188]
[-77.03696273]
[-76.8297397]
[-76.88163983]
[-76.83957581]
[-76.54997757]
[-76.83579019]
[-76.81999657]
[-76.82111943]
[-76.6557271]
[-76.7350187]
[-76.64463426]
[-76.6993067]
[-76.54124999]
[-76.68665916]
[-76.87997475]
[-76.87445088]
[-76.8143121]
[-76.73076438]
[-76.76761764]
[-76.94452878]
[-76.8693857]
[-76.74287913]
[-76.75773287]
[-76.7158421]
[-76.63349811]
[-76.69634279]
[-76.92473714]
[-76.98679571]
[-76.73405121]
[-76.58640463]
[-76.70475934]
[-76.61525051]
[-76.8255784]
[-76.52777087]
[-76.88167573]
[-76.56929159]
[-76.63079872]
[-76.51424794]
[-76.46608847]
[-76.65740616]
[-76.71468433]
[-76.52982282]
[-76.66133666]
[-76.57676152]
[-76.50318121]
[-76.67683176]
[-76.80585504]
[-76.72913729]
[-76.9597826]
[-76.635579]
[-76.6766429]
[-76.67172148]
[-76.90156544]
[-76.74655524]
[-76.64816526]
[-76.6073659]
[-76.67751015]
[-76.62902447]
[-76.56062881]
[-76.63182925]
[-76.5978125]
[-76.78582804]
[-76.89715445]
[-76.94574393]
[-76.96532453]
[-76.97128886]
[-76.77308275]
[-76.7390873]
[-76.6888615]
[-76.60670452]
[-76.77329568]
[-76.84382482]
[-76.65433456]
[-76.94313142]
[-76.69670177]
[-76.83930374]
[-76.9922088]
[-76.84631152]
[-76.66352291]
[-76.62826713]
[-76.85484436]
[-76.74628994]
[-76.96504705]
[-76.73844334]
[-76.94858962]
[-76.87191619]
[-76.96228475]
[-76.87562825]
[-76.68985657]
[-76.93851688]
[-76.98249758]
[-76.95424898]
[-76.97271716]
[-76.95373702]
[-76.75416077]
[-76.78933271]
[-76.95504585]
[-76.83634849]
[-76.90780401]
[-76.91338272]
[-76.97460528]
[-77.13965806]
[-77.02554671]
[-77.01836452]
[-76.81842699]
[-77.02327153]
[-77.03392531]
[-77.14571794]
[-76.93899591]
[-77.08491466]
[-76.87680176]
[-76.76936385]
[-76.8387808]
[-76.86330337]
[-76.8174636]
[-76.83576893]
[-76.63886702]
[-76.87441064]
[-76.82224427]
[-76.78231913]
[-76.70983718]
[-76.81280229]
[-76.72393038]
[-76.849396]
[-76.94372824]
[-76.93750017]
[-76.82973444]
[-76.68672046]
[-76.74120836]
[-76.68790385]
[-76.6140536]
[-76.68115874]
[-76.82933093]
[-76.94527557]
[-76.97446161]
[-76.87274389]
[-76.83874534]
[-76.75320851]
[-76.71886826]
[-76.81028741]
[-76.72167128]
[-76.74974212]
[-76.73463325]
[-76.64377422]
[-76.79791751]
[-76.98787143]
[-76.89669841]
[-76.80924804]
[-76.8724416]
[-76.71016132]
[-76.92760594]
[-76.67055442]
[-76.76275025]
[-76.80311284]
[-76.75279859]
[-76.66640501]
[-76.72563866]
[-76.51633255]
[-76.72225075]
[-76.67126829]
[-76.83728702]
[-76.60587927]
[-76.71063651]
[-76.85834381]
[-76.70160897]
[-76.89124731]
[-76.81843752]
[-76.92857519]
[-76.96572002]
[-76.72191794]
[-76.80461162]
[-76.65443734]
[-76.72461997]
[-76.65531649]
[-76.58174612]
[-76.51093043]
[-76.71897313]
[-76.67916319]
[-76.73649382]
[-76.69492005]
[-76.75861572]
[-76.71341459]
[-76.80815435]
[-76.6349662]
[-76.70682519]
[-76.97030486]
[-76.83306633]
[-76.80774939]
[-76.63508048]
[-76.70188823]
[-76.71056795]
[-76.36723138]
[-76.79350307]
[-76.73755316]
[-76.94117955]
[-76.80037746]
[-76.68721403]
[-76.86221246]
[-76.76963269]
[-76.70917189]
[-76.83425317]
[-76.74575897]
[-76.81415801]
[-76.80252557]
[-76.54951752]
[-76.5352955]
[-76.69001651]
[-76.61259254]
[-76.60310402]
[-76.59083699]
[-76.73048639]
[-76.75870929]
[-76.7363376]
[-76.97467019]
[-76.73883688]
[-76.72495699]
[-76.72781322]
[-76.97186879]
[-76.76274281]
[-76.75061162]
[-76.5648882]
[-76.52792496]
[-76.55948901]
[-76.72338252]
[-76.80122164]
[-76.79242767]
[-76.87318495]
[-76.86364249]
[-76.79137675]
[-76.76308167]
[-76.68432611]
[-76.64489372]
[-76.72162584]
[-76.79553355]
[-76.76072508]
[-76.78932754]
[-76.65702694]
[-76.76524454]
[-76.91384964]
[-76.76747073]
[-76.45800412]
[-76.50204507]
[-76.45000296]
[-76.54723135]
[-76.27613666]
[-76.58761418]
[-76.49202126]
[-76.46396025]
[-76.55763138]
[-76.37014627]
[-76.65738217]
[-76.32167217]
[-76.56145988]
[-76.69568944]
[-76.58327881]
[-76.63124848]
[-76.66294832]
[-76.47237494]
[-76.73081664]
[-76.70647318]
[-76.83702542]
[-76.78745882]
[-76.59247168]
[-76.45383293]
[-76.6736123]
[-76.70416877]
[-76.83442434]
[-76.67527913]
[-76.6856771]
[-76.66175563]
[-76.52716748]
[-76.55135497]
[-76.66957325]
[-76.6303516]
[-76.7649606]
[-76.80982667]
[-76.60924841]
[-76.53807865]
[-76.59811069]
[-76.55509357]
[-76.463257]
[-76.64096497]
[-76.56020112]
[-76.31581242]
[-76.49008342]
[-76.64445199]
[-76.54631853]
[-76.63149613]
[-76.74267556]
