[-77.95993665]
[-77.8264267]
[-77.93463064]
[-78.06313019]
[-77.82366041]
[-77.90665833]
[-77.83960013]
[-78.01576679]
[-77.92524045]
[-78.08486859]
[-78.02776791]
[-77.86570358]
[-77.63330797]
[-77.84779722]
[-77.71107111]
[-77.82718375]
[-77.91929592]
[-78.08396451]
[-78.15494986]
[-78.03375602]
[-77.94070883]
[-77.89164643]
[-77.7707265]
[-77.69644405]
[-78.08696383]
[-78.09989454]
[-78.0734054]
[-77.70685898]
[-77.94243722]
[-77.99525576]
[-78.19572241]
[-78.21258968]
[-78.16243201]
[-78.14633068]
[-78.21895918]
[-78.18498754]
[-78.00638452]
[-77.65772946]
[-78.10141078]
[-77.77500738]
[-77.88578142]
[-78.01698514]
[-77.95796532]
[-78.11193878]
[-78.04929072]
[-77.85810002]
[-77.90240148]
[-78.15169669]
[-78.12375807]
[-78.07871758]
[-78.3255786]
[-78.23479608]
[-77.99455836]
[-77.9622947]
[-77.98592823]
[-78.02050583]
[-78.12570061]
[-78.21823397]
[-78.19934335]
[-78.20737808]
[-78.21436727]
[-78.18034057]
[-78.14750811]
[-78.13131838]
[-77.88737722]
[-77.77752359]
[-78.11342643]
[-78.18270803]
[-77.96517693]
[-78.13798762]
[-78.09929617]
[-78.12732806]
[-78.15314747]
[-78.03355368]
[-78.14956208]
[-77.9193113]
[-78.07578711]
[-77.97632316]
[-77.97568886]
[-78.18992017]
[-78.01471916]
[-78.30799952]
[-78.02501361]
[-77.7859323]
[-77.86445784]
[-78.12501303]
[-77.97562711]
[-78.02579649]
[-77.97436974]
[-78.24780955]
[-78.08399649]
[-78.18284362]
[-78.19246365]
[-78.30249558]
[-78.37947749]
[-78.02665325]
[-77.98315871]
[-78.09100519]
[-78.04798245]
[-78.23194158]
[-77.93208571]
[-77.95039781]
[-78.03684252]
[-77.98768548]
[-77.91763643]
[-77.95252742]
[-77.871912]
[-77.84086588]
[-78.14308969]
[-77.98903256]
[-78.22451424]
[-78.00902952]
[-78.11652757]
[-78.13323573]
[-77.99514713]
[-77.99583215]
[-77.81187959]
[-77.58235056]
[-77.62266457]
[-77.71615821]
[-77.9154473]
[-77.8763096]
[-77.95236559]
[-77.88249879]
[-77.68494142]
[-77.63109348]
[-77.88726402]
[-77.9455045]
[-78.00531701]
[-78.09501494]
[-77.99812442]
[-77.97873449]
[-77.82958526]
[-77.80133753]
[-78.1245951]
[-78.06298199]
[-78.06124242]
[-77.8500471]
[-77.77439668]
[-77.93762587]
[-78.00834478]
[-77.89937111]
[-77.87121061]
[-78.01035508]
[-77.92488561]
[-77.92040044]
[-77.83728688]
[-77.90601881]
[-77.70356022]
[-77.54469558]
[-77.72801735]
[-77.64240213]
[-77.91684986]
[-77.70300113]
[-77.80155783]
[-77.75067597]
[-77.89569855]
[-77.67002221]
[-77.68791301]
[-77.66573082]
[-77.81841825]
[-78.05172961]
[-78.12258571]
[-78.13855772]
[-78.11397282]
[-77.86468274]
[-77.86747282]
[-77.76039187]
[-78.09165224]
[-77.85626211]
[-77.88149435]
[-77.96121454]
[-78.06754612]
[-77.93814011]
[-77.82464244]
[-77.96735305]
[-77.89502636]
[-77.9369134]
[-78.02407066]
[-77.89732161]
[-77.91448009]
[-78.02688391]
[-77.74286049]
[-77.70469124]
[-77.87445999]
[-77.85373172]
[-78.01580402]
[-77.85716467]
[-77.85965213]
[-77.86582866]
[-77.89412058]
[-78.00151161]
[-78.06152168]
[-78.22251159]
[-78.10721237]
[-78.33394711]
[-78.22136919]
[-77.98562246]
[-77.83507217]
[-77.97376372]
[-77.95447486]
[-77.66357233]
[-77.67821557]
[-77.94558957]
[-77.94534163]
[-77.64372082]
[-77.6950187]
[-77.93834094]
[-77.9676486]
[-77.95352392]
[-77.85858407]
[-77.71058231]
[-77.75258153]
[-77.89441683]
[-77.94390236]
[-77.90108446]
[-78.00023106]
[-78.22526837]
[-78.41758246]
[-78.21313338]
[-77.98977299]
[-77.98497605]
[-77.93709065]
[-77.91586118]
[-77.89842037]
[-77.83030542]
[-77.68429951]
[-77.90228197]
[-77.9865208]
[-78.0215199]
[-77.83433683]
[-77.75717181]
[-77.88728884]
[-78.1087262]
[-78.12753468]
[-77.88173063]
[-78.20782033]
[-78.10325838]
[-78.18342606]
[-77.98159943]
[-77.97734648]
[-77.83948549]
[-78.08537759]
[-78.06373308]
[-77.88371858]
[-78.07105078]
[-77.87447086]
[-77.90548365]
[-77.93528733]
[-78.03337207]
[-77.87096806]
[-78.00459057]
[-78.10190447]
[-77.88717298]
[-78.10814521]
[-78.20956517]
[-78.16510391]
[-78.27587145]
[-78.40499402]
[-78.08039237]
[-78.3370547]
[-78.21336504]
[-78.08419886]
[-78.2262323]
[-77.98783824]
[-78.10825905]
[-78.10774197]
[-78.15943725]
[-77.96131718]
[-77.89465056]
[-77.83139125]
[-77.88411667]
[-77.79233668]
[-77.92682064]
[-77.95503351]
[-77.98822985]
[-77.82959852]
[-77.92620877]
[-77.9728865]
[-77.95200709]
[-77.87780299]
[-77.93900979]
[-77.828961]
[-78.2702506]
[-77.93102035]
[-77.91869972]
[-78.03282566]
[-77.89651608]
[-77.80429213]
[-77.87280207]
[-77.84441195]
[-77.7236784]
[-77.89651781]
[-77.82729744]
[-77.89319638]
[-77.7676731]
[-77.9278239]
[-78.04617644]
[-78.02708513]
[-78.06565362]
[-77.89993279]
[-78.19920492]
[-78.0472678]
[-77.82436293]
[-77.62851552]
[-78.00509352]
[-77.97736384]
[-77.93506068]
[-77.87959147]
[-77.91765443]
[-77.85732894]
[-77.98326265]
[-78.01332332]
[-77.95210087]
[-78.00278338]
[-78.05740493]
[-77.90750769]
[-78.05740639]
[-78.0637163]
[-77.83072715]
[-77.76585217]
[-77.9650315]
[-77.90845921]
[-78.09048173]
[-78.09347066]
[-78.07945255]
[-78.01058899]
[-78.06182084]
[-78.02386561]
[-78.04970707]
[-77.92827629]
[-78.0222212]
[-77.94495997]
[-77.95643955]
[-77.88304811]
[-77.95857329]
[-77.75837908]
[-77.99391617]
[-77.89593592]
[-77.87772066]
[-77.84256454]
[-77.70267231]
[-77.96427151]
[-77.79175371]
[-77.89677687]
[-77.7357448]
[-77.78415377]
[-77.59082088]
[-77.66107881]
[-77.7278202]
[-77.70333095]
[-77.81819948]
[-77.76584653]
[-77.80174093]
[-77.56923541]
[-77.75040613]
[-77.57774334]
[-77.79125536]
[-77.85464277]
[-78.12434566]
[-77.994446]
[-78.03265536]
[-77.99485124]
[-78.01528275]
[-78.15386409]
[-77.89520621]
[-77.81912752]
[-77.88428084]
[-78.03539289]
[-78.00740678]
[-77.94443426]
[-77.73712874]
[-77.8067474]
[-77.85062402]
[-77.90087168]
[-78.11829122]
[-78.15592827]
[-78.21563144]
[-77.90415179]
[-77.93280838]
[-78.03118854]
[-77.84201074]
[-77.82603096]
[-78.13459786]
[-77.72172138]
[-77.81370117]
[-77.44191627]
[-77.74026902]
[-77.87625793]
[-77.74513514]
[-77.93528693]
[-77.90458302]
[-77.72339992]
[-77.99603193]
[-77.92095193]
[-77.95377995]
[-77.95890377]
[-77.79970012]
[-77.74357495]
[-77.89944864]
[-77.96675924]
[-78.12222637]
[-78.15588507]
[-77.89349991]
[-77.89653621]
[-77.96953709]
[-78.05930885]
[-77.86282607]
[-77.92157547]
[-78.06727587]
[-77.88643868]
[-78.16271542]
[-77.95615269]
[-78.13061586]
[-78.12666314]
[-78.05202811]
[-77.90020354]
[-77.98300193]
[-78.02648007]
[-78.05216272]
[-77.9852112]
[-77.93888377]
[-78.04889448]
[-78.2137528]
[-78.20280927]
[-77.97135327]
[-78.19052112]
[-78.13051778]
[-78.1279001]
[-78.06521502]
[-78.02933782]
[-78.20483837]
[-78.21575386]
[-78.17028588]
[-78.02784426]
[-78.05156723]
[-78.03950255]
[-77.93844114]
[-78.15350299]
[-78.1654805]
[-77.90398299]
[-77.83554827]
[-77.99949089]
[-78.26921115]
[-78.23312303]
[-78.21771237]
[-78.08899709]
[-78.08596448]
[-77.92642496]
[-78.01738669]
[-78.13931473]
[-78.09553259]
[-78.19193368]
[-77.87281443]
[-78.11383479]
[-77.9058151]
[-77.99087348]
[-77.6660031]
[-77.9770567]
[-77.77569395]
[-77.84495677]
[-77.86571909]
[-78.18535952]
[-78.08019635]
[-77.9608401]
[-78.02266228]
[-77.92519023]
[-78.14881374]
[-78.02086622]
[-77.85404069]
[-77.95157516]
[-78.0493273]
[-78.10533271]
[-78.16468179]
[-78.0857168]
[-78.15683207]
[-78.23178091]
[-78.14991542]
[-78.05496734]
[-78.0510641]
[-77.84326573]
[-77.98609737]
[-78.19740325]
[-78.18842252]
[-78.07997168]
[-78.09381973]
[-78.14110979]
[-77.91008446]
[-78.1683303]
[-78.06789908]
[-78.07859735]
[-78.05829867]
[-78.20109255]
[-78.08369865]
[-78.06990657]
[-78.26789614]
[-78.12368628]
[-78.22049518]
[-77.94574703]
[-78.1334763]
[-78.11241119]
[-78.30198115]
[-78.09088586]
[-78.06257105]
[-77.96867892]
[-78.19017041]
[-78.15114277]
[-78.03137306]
[-77.79663402]
[-77.89840958]
[-77.96781396]
[-78.1374017]
[-78.00611498]
[-78.07805315]
[-77.97423141]
[-78.13833866]
[-78.03936069]
[-78.10069336]
[-78.07950276]
[-78.08949305]
[-78.26488027]
[-77.90306567]
[-78.17540227]
[-78.20483162]
[-78.09905938]
[-77.75438282]
[-77.86740338]
[-77.81480409]
[-77.73026496]
[-77.8443701]
[-77.5889649]
[-77.65217408]
[-77.95434072]
[-77.99255482]
[-77.99226486]
[-77.98086261]
[-77.88408877]
[-78.20806311]
[-77.9770032]
[-77.9465344]
[-77.9845458]
[-77.87604057]
[-77.94812681]
[-78.06627788]
[-77.99237307]
[-78.03518346]
[-77.84474122]
[-77.77970413]
[-77.70614842]
[-77.8899385]
[-77.71970086]
[-77.93025835]
[-78.00742749]
[-77.79929742]
[-77.79919823]
[-77.87548668]
[-78.04120711]
[-78.15087999]
[-77.90561263]
[-78.18440524]
[-77.99305377]
[-77.92912879]
[-77.97735797]
[-78.06748689]
[-77.87182585]
[-78.06126728]
[-77.79901551]
[-77.86849433]
[-77.81027187]
[-78.05212424]
[-77.89007947]
[-77.78916456]
[-77.71566824]
[-77.96897284]
[-77.9887817]
[-77.97633832]
[-77.84339114]
[-77.91180292]
[-78.05890766]
[-77.88067653]
[-78.10360765]
[-77.92452842]
[-77.88929368]
[-77.83785907]
[-77.67525853]
[-77.68257777]
[-77.80953942]
[-77.88892925]
[-77.86387712]
[-77.78799349]
[-77.9759912]
[-77.90477935]
[-77.90165583]
[-78.03440867]
[-78.17257948]
[-78.4855066]
[-78.42395793]
[-78.24694233]
[-78.11407885]
[-77.91347221]
[-77.99224716]
[-77.98886392]
[-77.85621138]
[-78.01848905]
[-78.02263082]
[-77.95105004]
[-77.7200788]
[-77.97004793]
[-77.68817718]
[-77.66101148]
[-78.02355476]
[-78.12398076]
[-78.19625467]
[-78.10570339]
[-78.18011565]
[-77.9856884]
[-77.9196955]
[-78.02335657]
[-78.11779294]
[-78.14295461]
[-77.85077158]
[-77.83431979]
[-77.81881861]
[-77.7515229]
[-77.79223323]
[-77.6211569]
[-77.90957832]
[-77.97271315]
[-77.74971059]
[-77.71093403]
[-77.85227031]
[-77.87918404]
[-77.57609001]
[-77.98512445]
[-77.97675853]
[-78.00385533]
[-77.7767557]
[-78.03682611]
[-77.86904818]
[-78.08196167]
[-77.9528224]
[-77.8204701]
[-77.77440255]
[-77.78107951]
[-77.5866339]
[-77.8755279]
[-77.81703651]
[-77.79182802]
[-77.80328749]
[-77.9249121]
[-77.92813508]
[-78.05071201]
[-78.05736936]
[-78.01104439]
[-77.94611945]
[-77.96283131]
[-77.89038394]
[-77.88443034]
[-77.86477515]
[-77.7459992]
[-77.9432779]
[-77.67442077]
[-77.66141391]
[-77.72379373]
[-77.87874528]
[-77.68040242]
[-77.68312145]
[-77.87908754]
[-77.66025814]
[-77.87153075]
[-78.10276476]
[-77.95529287]
[-77.95403182]
[-77.81386459]
[-77.76124264]
[-77.86382736]
[-77.94351994]
[-78.06323569]
[-77.85887478]
[-77.89949267]
[-77.98137804]
[-77.90612059]
[-77.86716108]
[-77.96376007]
[-77.80957092]
[-77.90500065]
[-77.97686551]
[-77.89905373]
[-77.99031024]
[-78.08157687]
[-77.86883696]
[-77.96429562]
[-77.8909598]
[-77.8337632]
[-78.2177555]
[-77.94384266]
[-77.98929554]
[-78.13925153]
[-78.24288652]
[-78.01639453]
[-78.02941207]
[-78.01494287]
[-77.90877382]
[-78.0954374]
[-77.99892758]
[-77.95511196]
[-78.09433084]
[-78.01931092]
[-78.23798468]
[-78.01527615]
[-77.9446498]
[-78.02709716]
[-78.03223342]
[-78.02995725]
[-78.05709906]
[-77.9411637]
[-77.92893645]
[-78.21034546]
[-78.25166139]
[-78.32058868]
[-78.31276215]
[-78.1904396]
[-78.27685683]
[-78.0962926]
[-77.87150027]
[-77.88782469]
[-78.05608908]
[-77.75249508]
[-77.90167153]
[-77.72049381]
[-77.92638587]
[-77.9306832]
[-78.04576256]
[-78.04925069]
[-78.09509265]
[-78.03630133]
[-78.12339338]
[-78.10278892]
[-78.21188436]
[-78.18739859]
[-78.24362888]
[-78.32155972]
[-78.11179567]
[-77.87556003]
[-77.94505968]
[-77.94933263]
[-78.09549254]
[-77.82659727]
[-77.61438213]
[-77.91952009]
[-77.83463739]
[-77.63433718]
[-77.71635346]
[-77.86204734]
[-77.8170884]
[-77.91820043]
[-77.81368483]
[-77.82321941]
[-77.80253813]
[-78.07406904]
[-78.04928781]
[-78.02789042]
[-78.21947553]
[-77.98574456]
[-78.07711318]
[-77.82080766]
[-77.99417493]
[-77.92796681]
[-78.08041026]
[-77.76585899]
[-77.85305416]
[-78.19607347]
[-78.3458534]
[-78.03659054]
[-77.92720013]
[-78.06219651]
[-77.82934828]
[-77.98704693]
[-78.15376031]
[-78.1265262]
[-77.97027495]
[-78.04463499]
[-77.81193098]
[-77.7888634]
[-77.86102436]
[-78.02825652]
[-77.89550363]
[-78.01921323]
[-78.08202958]
[-78.15509983]
[-78.26899238]
[-78.25058641]
[-78.20106583]
[-78.38967344]
[-78.16726949]
[-77.97091059]
[-78.06617017]
[-78.0141583]
[-78.08125717]
[-77.77982159]
[-77.91457462]
[-77.92658477]
[-77.87516527]
[-77.99691913]
[-77.91019106]
[-77.9509187]
[-77.82248873]
[-77.75089722]
[-77.92573226]
[-77.92872291]
[-78.07290391]
[-78.02489486]
[-78.41133622]
[-78.05223051]
[-78.13669945]
[-78.38906752]
[-78.3825675]
[-78.31795919]
[-78.40691541]
[-78.39791794]
[-78.11532575]
[-78.08598725]
[-78.08288781]
[-78.12468045]
[-78.08842704]
[-77.90132742]
[-78.02425344]
[-78.00749096]
[-77.99935014]
[-77.79713722]
[-78.1050399]
[-78.239409]
[-78.16164143]
[-78.1989705]
[-78.22249075]
[-78.30900218]
[-78.36501271]
[-78.51313914]
[-78.24618669]
[-78.03073343]
[-78.20566878]
[-77.97855675]
[-77.96691283]
[-78.03267194]
[-77.94405927]
[-78.27930683]
[-78.06379163]
[-78.25754079]
[-78.25105026]
[-77.99059443]
[-78.08353993]
[-77.8719824]
[-78.13815415]
[-78.03727913]
[-78.28336218]
[-78.29817125]
[-78.13249647]
[-78.22713106]
[-77.98597056]
[-78.09085018]
[-78.05187901]
[-78.09116497]
[-78.00393501]
[-77.99994683]
[-77.84887705]
[-77.8171545]
[-77.94282258]
[-78.187605]
[-78.01138862]
[-77.70646924]
[-78.10599939]
[-78.16484971]
[-78.34239964]
[-78.45313133]
[-78.19120998]
[-78.42781598]
[-78.30568308]
[-78.28576279]
[-78.16610016]
[-78.2200784]
[-78.23741741]
[-78.2590537]
[-78.08331723]
[-78.29504271]
[-78.32987065]
[-78.21038509]
[-78.07585621]
[-78.05271927]
[-78.18538115]
[-78.11617258]
[-78.32479329]
[-78.27520105]
[-78.06970328]
[-78.1206947]
[-78.14156225]
[-78.26137312]
[-78.16220988]
[-78.02072433]
[-77.85277022]
[-77.92331749]
[-77.7902976]
[-78.03641551]
[-77.95635377]
[-77.98080538]
[-78.02307938]
[-78.03515624]
[-78.09898051]
[-78.02077215]
[-78.02058944]
[-77.71120047]
[-77.76209057]
[-77.90904263]
[-77.89103929]
[-77.86351256]
[-77.94127283]
[-78.05158821]
[-77.92261311]
[-77.97870587]
[-77.96395248]
[-77.76545272]
[-77.83252488]
[-77.72093694]
[-77.87327861]
[-77.98594948]
[-78.38479484]
[-78.40589619]
[-78.22639816]
[-78.19862568]
[-78.0127555]
[-77.90227928]
[-78.15686285]
[-78.19185528]
[-78.22190757]
[-78.15012572]
[-78.13646812]
[-78.16330964]
[-77.84750869]
[-78.0206954]
[-78.01815558]
[-78.08540412]
[-78.14003125]
[-78.11934505]
[-78.07409725]
[-77.88306365]
[-78.05816605]
[-77.98428494]
[-77.98998138]
[-78.08825922]
[-77.98274377]
[-78.13193361]
[-78.00951255]
[-77.97476133]
[-77.77454661]
[-77.88190837]
[-77.89699441]
[-77.9570697]
[-77.9687851]
[-78.15496214]
[-78.12903757]
[-78.45651019]
[-78.28104173]
[-78.21823784]
[-78.10872008]
[-78.06666511]
[-78.20109453]
[-78.03476519]
[-78.13375992]
[-78.17889111]
[-78.21856713]
[-78.33139263]
[-77.98038842]
[-77.84875606]
[-77.80734036]
[-77.7666479]
[-77.80167837]
[-77.75459295]
[-78.08200397]
[-78.12753574]
[-78.34201796]
[-78.31587701]
[-78.09210208]
[-78.16607849]
[-78.33941963]
[-78.11450126]
[-78.02555891]
[-78.09704707]
[-78.05819156]
[-77.92246191]
[-78.0746733]
[-77.93260859]
[-77.95169901]
[-77.95853968]
[-77.91110651]
[-77.85195885]
[-77.85142996]
[-77.88034195]
[-78.04079525]
[-78.14425238]
[-78.08615874]
[-78.11702748]
[-78.29410175]
[-78.31415099]
[-78.23961612]
[-77.99726978]
[-78.16753687]
[-78.49243504]
[-78.06194762]
[-78.2459161]
[-78.16733399]
[-78.33495629]
[-78.19437172]
[-78.30530267]
[-78.10483696]
[-78.13898667]
[-77.90473989]
[-77.91645728]
[-78.01253621]
[-77.77980396]
[-77.93406822]
[-77.84134867]
[-77.97903062]
[-77.84704166]
[-77.85454994]
[-77.98471504]
[-78.0376152]
[-78.05622251]
[-78.15060741]
[-77.92840476]
[-78.01817468]
[-77.8643527]
[-77.98822428]
[-77.9788714]
[-78.00672848]
[-78.02514155]
[-78.03559826]
[-77.97754347]
[-77.99728039]
[-78.12861949]
[-78.12246907]
[-77.99114976]
[-78.00347458]
[-77.9818678]
[-78.02575486]
[-78.23815536]
[-78.3355172]
[-78.35641257]
[-78.29798141]
[-78.1228427]
[-77.94844703]
[-77.70693791]
[-77.84174949]
[-77.95315755]
[-78.04412619]
[-78.17034019]
[-77.98828632]
[-77.83153452]
[-77.93353482]
[-77.77009736]
[-77.88824289]
[-77.91837942]
[-78.0023205]
[-78.33396147]
[-78.25057151]
[-78.29306166]
[-78.29748515]
[-78.24458359]
[-78.31707867]
[-78.24527873]
[-78.08203915]
[-77.96743285]
[-77.93111267]
[-77.66129972]
[-77.73665554]
[-78.0072762]
[-77.81147954]
[-77.8723484]
[-78.02595538]
[-77.83748469]
[-77.88789162]
[-78.04471549]
[-78.09072234]
[-78.1284049]
[-78.03300151]
[-78.11400942]
[-78.02630393]
[-77.95969864]
[-77.92225607]
[-78.18398806]
[-78.04248515]
[-77.95912323]
[-77.93340626]
[-77.9994152]
[-78.19128362]
[-78.06942033]
[-78.0349792]
[-77.90137447]
[-77.95602871]
[-77.9152259]
[-77.98406425]
[-78.00347699]
[-78.19613726]
[-78.03462129]
[-77.89616407]
[-77.97486428]
[-78.0738264]
[-78.12011604]
[-78.27114342]
[-78.00539769]
[-77.99126751]
[-77.92456039]
[-78.02511595]
[-78.14280334]
[-77.95488455]
[-78.18495936]
[-78.02571725]
[-78.14797412]
[-77.72985261]
[-77.82744347]
[-77.97087747]
[-77.92063106]
[-77.98286823]
[-77.95787259]
[-77.85352742]
[-77.74866503]
[-77.74498523]
[-77.76310012]
[-78.04840528]
[-77.96190346]
[-78.09085901]
[-78.17212715]
[-78.27249296]
[-78.39338081]
[-78.19230484]
[-78.26757687]
[-78.00009927]
[-77.98946062]
[-78.09478443]
[-77.95750168]
[-78.02476016]
[-77.9140716]
[-78.05369385]
[-77.88252422]
[-77.90013208]
[-77.84882609]
[-78.05759569]
[-77.93369596]
[-77.76974575]
[-77.7913285]
[-77.64083355]
[-77.95246934]
[-77.92715531]
[-78.00367598]
[-77.95893846]
[-78.03107625]
[-77.90428963]
[-77.75221551]
[-77.87161593]
[-77.71882058]
[-77.81719604]
[-77.82037623]
[-78.00898872]
[-78.08778686]
[-78.21737947]
[-78.19765173]
[-77.90929636]
[-77.96121336]
[-77.91584552]
[-78.0263404]
[-78.09451489]
[-77.98669262]
[-78.06698804]
[-78.23095515]
[-78.07502966]
[-78.23016752]
[-78.16324536]
[-77.88934148]
[-77.89603022]
[-78.1135587]
[-77.86336076]
[-77.94687275]
[-77.97856072]
[-77.86085954]
[-78.03847591]
[-78.20837612]
[-77.97653913]
[-78.14478516]
[-78.1706241]
[-78.2019964]
[-78.32822059]
[-78.28591291]
[-78.31050265]
[-78.21450356]
[-78.18350788]
[-77.94112774]
[-78.01574291]
[-77.85702964]
[-77.87029382]
[-77.78558442]
[-77.78014911]
[-77.79544163]
