[-80.61814828]
[-80.31474159]
[-80.41661386]
[-80.35000712]
[-80.5181082]
[-80.41249673]
[-80.52467184]
[-80.51847154]
[-80.55491405]
[-80.41473912]
[-80.67069977]
[-80.87379231]
[-80.75468649]
[-80.7072874]
[-80.55712645]
[-80.63612342]
[-80.79044194]
[-80.81718167]
[-80.49326904]
[-80.86902681]
[-80.70033606]
[-80.59103859]
[-80.47903329]
[-80.58527811]
[-80.54444908]
[-80.54637261]
[-80.39317696]
[-80.32117228]
[-80.55735962]
[-80.63774838]
[-80.81422664]
[-80.60234017]
[-80.54478074]
[-80.74663316]
[-80.58373093]
[-80.63924607]
[-80.70633683]
[-80.71280785]
[-80.81641557]
[-81.02118959]
[-80.84457381]
[-80.70678587]
[-80.69716976]
[-80.54259045]
[-80.56504772]
[-80.58090328]
[-80.37317508]
[-80.42666176]
[-80.54297579]
[-80.49321312]
[-80.50758011]
[-80.38938745]
[-80.3903741]
[-80.40093654]
[-80.31993541]
[-80.5899026]
[-80.58187068]
[-80.63397183]
[-80.71520836]
[-80.97627537]
[-80.66029483]
[-80.78359347]
[-80.74400569]
[-80.35894988]
[-80.44135072]
[-80.67416639]
[-80.306504]
[-80.4457576]
[-80.59808517]
[-80.36667207]
[-80.36890353]
[-80.469121]
[-80.35125471]
[-80.51645586]
[-80.51012555]
[-80.60815328]
[-80.56306011]
[-80.64074834]
[-80.87720822]
[-80.89012828]
[-80.69727006]
[-80.7026643]
[-80.50690053]
[-80.51618436]
[-80.5052841]
[-80.62807731]
[-80.5459314]
[-80.53315731]
[-80.52818247]
[-80.48275867]
[-80.59021069]
[-80.69287973]
[-80.66304305]
[-80.74401047]
[-80.75956294]
[-80.45758713]
[-80.54412295]
[-80.72348176]
[-80.59552259]
[-80.54887912]
[-80.60922186]
[-80.53006948]
[-80.55113117]
[-80.53583237]
[-80.42727935]
[-80.48328397]
[-80.5120961]
[-80.46199791]
[-80.66106166]
[-80.82073576]
[-80.87700687]
[-81.01351497]
[-80.9556652]
[-80.88621496]
[-80.92917438]
[-80.90032447]
[-80.87138598]
[-80.98894709]
[-80.82512535]
[-80.79936368]
[-80.9629294]
[-80.93288657]
[-80.93763181]
[-80.73173551]
[-80.82749062]
[-80.68109482]
[-80.67285802]
[-80.66744]
[-80.69292459]
[-80.7478976]
[-80.54417106]
[-80.56096009]
[-80.45543714]
[-80.69286055]
[-80.24353821]
[-80.5642348]
[-80.59552273]
[-80.43339263]
[-80.64147782]
[-80.42892877]
[-80.67766015]
[-80.63561836]
[-80.7371197]
[-80.51293055]
[-80.72389407]
[-80.72132274]
[-80.67881159]
[-80.8507387]
[-80.55350672]
[-80.74003943]
[-80.44423064]
[-80.49664828]
[-80.5990135]
[-80.65950403]
[-80.40124452]
[-80.51462507]
[-80.6546157]
[-80.57161761]
[-80.74725442]
[-80.57284275]
[-80.89140838]
[-80.72504962]
[-80.53157965]
[-80.78511684]
[-80.67709432]
[-80.8504835]
[-80.73872265]
[-81.02395264]
[-80.76343689]
[-80.66087168]
[-80.74373899]
[-80.7716848]
[-80.65445979]
[-80.68214179]
[-80.30977333]
[-80.67232827]
[-80.54655197]
[-80.49616362]
[-80.78393344]
[-80.63815625]
[-80.70640839]
[-80.53632221]
[-80.61994186]
[-80.40314148]
[-80.42167919]
[-80.47993953]
[-80.68813157]
[-80.80781433]
[-80.6572717]
[-80.57048151]
[-80.49322191]
[-80.52621823]
[-80.46610164]
[-80.5151354]
[-80.6754883]
[-80.56581972]
[-80.53731746]
[-80.75058404]
[-80.58123045]
[-80.64253693]
[-80.57917351]
[-80.37667602]
[-80.31020417]
[-80.42189887]
[-80.66257506]
[-80.62898632]
[-80.49029888]
[-80.55619583]
[-80.67445411]
[-80.73178148]
[-80.39705164]
[-80.42002415]
[-80.60458263]
[-80.88259272]
[-80.76942011]
[-80.76395034]
[-80.76859412]
[-80.63747249]
[-80.59227111]
[-80.92488739]
[-80.5921725]
[-80.68472443]
[-80.64467569]
[-80.57624434]
[-80.56474969]
[-80.59857784]
[-80.72298018]
[-80.63904843]
[-80.77924474]
[-80.71458078]
[-80.94725471]
[-80.57499282]
[-80.84554427]
[-80.74122605]
[-80.76883901]
[-80.91157235]
[-80.62896404]
[-80.97665641]
[-80.59525729]
[-80.58171235]
[-80.58643275]
[-80.78497739]
[-80.98019496]
[-80.98883779]
[-80.87004164]
[-80.99187665]
[-80.83196831]
[-80.8835082]
[-80.69786568]
[-80.58938101]
[-80.65642994]
[-80.90316932]
[-80.88932843]
[-80.73860473]
[-80.84273538]
[-80.74188527]
[-80.76809202]
[-80.69424223]
[-80.52734505]
[-80.59340796]
[-80.66395397]
[-80.83703089]
[-80.81314545]
[-80.8786991]
[-81.02196808]
[-80.81721703]
[-80.87435707]
[-81.0555081]
[-80.96179618]
[-80.82527772]
[-80.95835154]
[-80.95620483]
[-80.80947728]
[-80.55996644]
[-80.52279566]
[-80.67241228]
[-80.45785749]
[-80.7624617]
[-80.60926801]
[-80.70335418]
[-80.73819983]
[-80.86792789]
[-80.77215014]
[-80.85833528]
[-80.70591571]
[-80.95564893]
[-80.91349237]
[-80.78535019]
[-80.62059607]
[-80.60713569]
[-80.59969096]
[-80.52481396]
[-80.49691819]
[-80.34510375]
[-80.47159845]
[-80.52024152]
[-80.58793953]
[-80.77582539]
[-80.6938586]
[-80.87608368]
[-80.73295368]
[-80.899647]
[-80.981841]
[-80.82507448]
[-80.99444342]
[-80.95844283]
[-81.03248966]
[-80.90787165]
[-80.8804148]
[-80.69262445]
[-80.71826586]
[-80.7439924]
[-80.64191864]
[-80.62316504]
[-80.6314778]
[-80.69894089]
[-80.79264939]
[-80.59974226]
[-80.64407674]
[-80.73737362]
[-80.96081372]
[-80.77837193]
[-80.89072308]
[-80.62970558]
[-81.12226913]
[-80.96191577]
[-81.02335085]
[-81.05207268]
[-80.90251806]
[-80.59219725]
[-80.64844785]
[-80.72593727]
[-80.6816523]
[-80.79834988]
[-80.65745486]
[-80.71823721]
[-80.65353889]
[-80.69720788]
[-80.84503018]
[-80.66157213]
[-80.71672144]
[-80.7667116]
[-80.66599715]
[-80.83994777]
[-80.73473852]
[-80.74312961]
[-80.74100774]
[-80.64086201]
[-81.02012377]
[-80.41211042]
[-80.4064288]
[-80.51964393]
[-80.68049691]
[-80.65356818]
[-80.45155295]
[-80.51399588]
[-80.73808134]
[-80.59080715]
[-80.69728913]
[-80.77027132]
[-80.78073373]
[-80.62870451]
[-80.73147627]
[-80.93303706]
[-80.75200893]
[-80.96816073]
[-80.77606512]
[-80.77093532]
[-80.47956332]
[-80.54940366]
[-80.58201824]
[-80.20954773]
[-80.5781557]
[-80.54296799]
[-80.58370268]
[-80.69048856]
[-80.72107612]
[-80.56668932]
[-80.62563442]
[-80.56235268]
[-80.68992223]
[-80.80301198]
[-80.92115694]
[-81.12605833]
[-81.01935416]
[-80.89163965]
[-80.99596911]
[-80.85123427]
[-80.99788306]
[-80.88782337]
[-80.89747161]
[-80.80609092]
[-80.62549061]
[-80.68785735]
[-80.61572945]
[-80.46906481]
[-80.56862228]
[-80.59648241]
[-80.69939503]
[-80.60839307]
[-80.7391505]
[-80.75443681]
[-80.99916356]
[-80.86972077]
[-80.80020386]
[-80.68153618]
[-80.81305662]
[-80.91252678]
[-80.83299242]
[-80.67759172]
[-80.73280007]
[-80.80525306]
[-80.48373933]
[-80.63705517]
[-80.60294764]
[-80.51984608]
[-80.52497443]
[-80.51259456]
[-80.62937855]
[-80.3399534]
[-80.60646754]
[-80.75463088]
[-80.66428203]
[-80.76444348]
[-80.77701071]
[-81.03854026]
[-81.03130872]
[-80.80216444]
[-80.99437929]
[-80.88463665]
[-80.67113712]
[-80.66997616]
[-80.80293883]
[-80.78434214]
[-80.77090449]
[-80.87752667]
[-80.71101019]
[-80.78945284]
[-80.69637544]
[-80.419221]
[-80.54823464]
[-80.55394008]
[-80.60894035]
[-80.58582004]
[-80.6011248]
[-80.83077556]
[-80.91334008]
[-80.89990218]
[-80.87753856]
[-80.86232242]
[-80.61847893]
[-80.5125571]
[-80.72347252]
[-80.62974405]
[-80.86919298]
[-80.76160293]
[-80.73907138]
[-80.86283753]
[-81.04062989]
[-80.68851607]
[-80.71133663]
[-80.81572242]
[-80.68410935]
[-80.70409368]
[-80.89985561]
[-80.75779866]
[-80.69999352]
[-80.75571849]
[-80.8055852]
[-80.90842868]
[-80.71575205]
[-80.76868434]
[-80.70733298]
[-80.79443709]
[-80.73418077]
[-80.63551136]
[-80.53779869]
[-80.5168358]
[-80.32379617]
[-80.32612432]
[-80.27517099]
[-80.35048875]
[-80.4531166]
[-80.57659079]
[-80.7197908]
[-80.81501238]
[-80.74136901]
[-80.80397065]
[-80.6182911]
[-80.52124925]
[-80.65026184]
[-80.57815539]
[-80.58725504]
[-80.83196976]
[-80.73546718]
[-80.70841646]
[-80.58944353]
[-80.36121029]
[-80.42521993]
[-80.30963982]
[-80.42501926]
[-80.33436429]
[-80.39534701]
[-80.46818763]
[-80.68108711]
[-80.5323758]
[-80.65719412]
[-80.68646737]
[-80.74125736]
[-80.78616123]
[-80.72798195]
[-80.7909445]
[-80.99554446]
[-81.00927027]
[-80.87121714]
[-80.92253767]
[-80.73523873]
[-80.57422532]
[-80.48352843]
[-80.57177778]
[-80.67503081]
[-80.6792676]
[-80.84293616]
[-80.7512902]
[-80.92642281]
[-80.86874787]
[-81.06189662]
[-80.89502103]
[-80.76945715]
[-80.96451052]
[-81.0375732]
[-80.73093836]
[-80.73661284]
[-80.65981173]
[-80.69328158]
[-80.71220967]
[-80.71805406]
[-80.5665498]
[-80.72691398]
[-80.53481861]
[-80.49246664]
[-80.47136903]
[-80.68418684]
[-80.73030871]
[-80.85842554]
[-80.78967372]
[-80.81929834]
[-80.75124243]
[-80.67246475]
[-80.90872813]
[-80.80845244]
[-80.65156786]
[-80.52374405]
[-80.53602969]
[-80.62062597]
[-80.8557626]
[-80.39626364]
[-80.48664347]
[-80.55543622]
[-80.62581027]
[-80.72172634]
[-80.72718162]
[-80.87434907]
[-81.04586617]
[-80.86406464]
[-80.74976058]
[-80.86060808]
[-80.98188356]
[-80.83107767]
[-80.77307072]
[-80.86368987]
[-80.7175057]
[-80.54378954]
[-80.7347771]
[-80.7859619]
[-80.94373461]
[-80.81103845]
[-80.78429482]
[-80.76265635]
[-80.77780939]
[-80.82437023]
[-80.7903358]
[-80.81265671]
[-80.76650288]
[-80.85843472]
[-80.64785752]
[-80.77865043]
[-80.8909444]
[-80.75967968]
[-80.64035456]
[-80.65471138]
[-80.8004473]
[-80.64716641]
[-80.7543716]
[-80.75934937]
[-80.6974253]
[-80.60765525]
[-80.57357851]
[-80.86320132]
[-80.56125118]
[-80.77523452]
[-80.84960015]
[-80.86523906]
[-81.0440008]
[-80.87179882]
[-80.89729376]
[-80.88083832]
[-80.74884726]
[-80.79933647]
[-80.64819063]
[-80.50803815]
[-80.66959537]
[-80.41208956]
[-80.44398176]
[-80.62606175]
[-80.67743944]
[-80.56171197]
[-80.5207863]
[-80.47071774]
[-80.73209148]
[-80.78086522]
[-80.71853479]
[-80.75370179]
[-80.57238482]
[-80.76724606]
[-80.68967549]
[-80.72562231]
[-80.70196425]
[-80.98354978]
[-80.75292097]
[-80.70872844]
[-80.71923289]
[-80.76616052]
[-80.73174598]
[-80.57654634]
[-80.58296735]
[-80.55140478]
[-80.6161211]
[-80.65133929]
[-80.56621044]
[-80.55357349]
[-80.45729987]
[-80.3758359]
[-80.69816368]
[-80.59965893]
[-80.47964793]
[-80.46257842]
[-80.41505221]
[-80.76513789]
[-80.7628319]
[-80.79058704]
[-80.84710993]
[-80.90045203]
[-80.56700444]
[-80.77716341]
[-80.49192049]
[-80.68881058]
[-80.68449971]
[-80.62785024]
[-80.58932752]
[-80.72283065]
[-80.38380908]
[-80.76839836]
[-80.98228332]
[-80.92621827]
[-81.03501784]
[-80.86528593]
[-80.8418674]
[-80.76341543]
[-80.61287523]
[-80.76616722]
[-80.68122711]
[-80.68040194]
[-80.71787096]
[-80.98402382]
[-80.86831896]
[-80.8764293]
[-80.68328045]
[-80.66201711]
[-80.812967]
[-80.87660715]
[-80.6953566]
[-80.51971909]
[-80.73048035]
[-80.40541163]
[-80.47483444]
[-80.70313439]
[-80.72304807]
[-80.71641086]
[-80.71524132]
[-80.76542353]
[-80.69353829]
[-80.6637776]
[-80.71364897]
[-80.5714715]
[-80.49634074]
[-80.79133812]
[-80.51759067]
[-80.46384739]
[-80.65590281]
[-80.85758341]
[-80.63435981]
[-80.66068631]
[-80.53862367]
[-80.56353989]
[-80.50888582]
[-80.45837648]
[-80.67104331]
[-80.61151861]
[-80.65993272]
[-80.58517769]
[-80.63821905]
[-80.78553562]
[-80.61282581]
[-80.75517258]
[-80.6189689]
[-80.28703045]
[-80.48309165]
[-80.47022993]
[-80.46489596]
[-80.45306165]
[-80.50615771]
[-80.45341246]
[-80.48128186]
[-80.67080153]
[-80.45358251]
[-80.78504168]
[-80.66157161]
[-80.59303511]
[-80.51273921]
[-80.57125707]
[-80.52789428]
[-80.47609252]
[-80.36940985]
[-80.36905983]
[-80.55616237]
[-80.24696974]
[-80.6275077]
[-80.51832945]
[-80.7983883]
[-80.88404356]
[-80.68477641]
[-80.74184316]
[-80.80436922]
[-80.80240002]
[-80.74832906]
[-80.9547349]
[-80.87809506]
[-80.9966826]
[-80.64388723]
[-80.54713216]
[-80.51688537]
[-80.67439857]
[-80.6027065]
[-80.45687666]
[-80.64002139]
[-80.54694813]
[-80.63938892]
[-80.53884261]
[-80.54318646]
[-80.34898675]
[-80.28225077]
[-80.30351352]
[-80.35994769]
[-80.49609987]
[-80.52543277]
[-80.56354025]
[-80.89482947]
[-80.5035835]
[-80.66712002]
[-80.70650742]
[-80.55712346]
[-80.5850976]
[-80.73317939]
[-80.93324714]
[-81.00067401]
[-80.94782758]
[-81.0636764]
[-81.04333281]
[-80.55054505]
[-80.98966213]
[-81.00489248]
[-80.93787768]
[-81.09071745]
[-80.78991429]
[-80.65712225]
[-80.71294143]
[-80.2994392]
[-80.42458221]
[-80.56654868]
[-80.67181661]
[-80.57438048]
[-80.66662788]
[-80.86220342]
[-80.90078228]
[-80.9088334]
[-80.78025547]
[-80.68692649]
[-80.66079659]
[-80.41708922]
[-80.51966042]
[-80.7456638]
[-80.73604249]
[-80.7505083]
[-80.68445617]
[-80.86375662]
[-80.64051767]
[-80.52454381]
[-80.52873377]
[-80.48783384]
[-80.40915174]
[-80.40892376]
[-80.39247683]
[-80.74526473]
[-80.61090837]
[-80.87740458]
[-80.49310814]
[-80.7589986]
[-80.6344281]
[-80.34313455]
[-80.41935342]
[-80.66748672]
[-80.63703808]
[-80.74143661]
[-80.65469478]
[-80.75284118]
[-80.61512824]
[-80.53150014]
[-80.65422885]
[-80.52793341]
[-80.56957537]
[-80.57417723]
[-80.69729412]
[-80.47894975]
[-80.45997854]
[-80.39928193]
[-80.46786439]
[-80.54071252]
[-80.61536701]
[-80.50735861]
[-80.84385215]
[-80.67654495]
[-80.82995548]
[-80.81544805]
[-80.73343475]
[-80.62430611]
[-80.84726375]
[-80.85524668]
[-80.66130214]
[-80.66498176]
[-80.90356177]
[-80.60850807]
[-80.73112886]
[-80.57548448]
[-80.60950171]
[-80.58741148]
[-80.29833801]
[-80.29054872]
[-80.3524989]
[-80.57891182]
[-80.53502562]
[-80.51205169]
[-80.47086578]
[-80.69421533]
[-80.51318229]
[-80.62545177]
[-80.64735757]
[-80.60386797]
[-80.5725302]
[-80.75371206]
[-80.70829621]
[-80.58048291]
[-80.6405737]
[-80.65849963]
[-80.71410974]
[-80.53836236]
[-80.59356099]
[-80.67576133]
[-80.5950883]
[-80.47432335]
[-80.39891116]
[-80.53475952]
[-80.35084441]
[-80.30569252]
[-80.52444435]
[-80.55817563]
[-80.52463602]
[-80.81005773]
[-80.5138175]
[-80.50433016]
[-80.45093825]
[-80.36626917]
[-80.34078527]
[-80.5145871]
[-80.64588332]
[-80.80338391]
[-80.60667032]
[-80.65731334]
[-80.56671914]
[-80.60721443]
[-80.70722562]
[-80.37644278]
[-80.30121673]
[-80.44943318]
[-80.83019563]
[-80.69650297]
[-80.82018263]
[-80.88080651]
[-81.10666007]
[-80.87521045]
[-80.84426765]
[-80.82187979]
[-80.69113183]
[-80.78403401]
[-80.78393407]
[-80.82630495]
[-80.80497937]
[-80.69315991]
[-80.52591099]
[-80.61324861]
[-80.52235545]
[-80.50377422]
[-80.31143048]
[-80.57749967]
[-80.79135864]
[-80.7559788]
[-80.63529919]
[-80.57212052]
[-80.58413688]
[-80.61293455]
[-80.56055821]
[-80.79197929]
[-80.75790995]
[-80.73009304]
[-80.6721598]
[-80.56568375]
[-80.68027707]
[-80.38543579]
[-80.40649902]
[-80.5421031]
[-80.58424048]
[-80.64290661]
[-80.56790427]
[-80.48779848]
[-80.55187996]
[-80.56646677]
[-80.60520301]
[-80.47832808]
[-80.58479211]
[-80.47488572]
[-80.58173677]
[-80.68734035]
[-80.49049135]
[-80.38183449]
[-80.52520082]
[-80.52729117]
[-80.40649149]
[-80.51029087]
[-80.44211632]
[-80.64435784]
[-80.68645521]
[-81.03554324]
[-80.95845858]
[-80.65813942]
[-80.85067501]
[-81.02186076]
[-80.8178281]
[-80.9323792]
[-80.87051041]
[-80.79137569]
[-80.95287893]
[-80.89947683]
[-80.64578579]
[-80.76217672]
[-80.41892515]
[-80.50182834]
[-80.4924072]
[-80.72919812]
[-80.69219683]
[-80.70267891]
[-80.45440429]
[-80.78378659]
[-80.72916972]
[-80.71466834]
[-80.87222079]
[-80.66127242]
[-80.56759423]
[-80.68128701]
[-80.58855619]
[-80.6554543]
[-80.78686379]
[-80.90324398]
[-80.76507548]
[-80.91581241]
[-80.69566454]
[-80.41364268]
[-80.63808186]
[-80.85787508]
[-80.57237835]
[-80.52724152]
[-80.38557858]
[-80.49601316]
[-80.53924919]
[-80.47425983]
[-80.41359294]
[-80.24138494]
[-80.31728766]
[-80.18097164]
[-80.36669067]
[-80.43234861]
[-80.22611977]
[-80.18657762]
[-80.26307571]
[-80.16647089]
[-80.2737796]
[-80.39973365]
[-80.67641053]
[-80.54609939]
[-80.56627414]
[-80.55387555]
[-80.53591799]
[-80.37453836]
[-80.62532669]
[-80.58565183]
[-80.5605691]
[-80.49400938]
[-80.56235046]
[-80.41732249]
[-80.62024826]
[-80.59566884]
[-80.85671713]
[-80.6705402]
[-80.74524116]
[-80.72282292]
[-80.44581075]
[-80.40138729]
[-80.54182155]
[-80.6871354]
[-80.53837854]
[-80.53814641]
[-80.43349651]
[-80.59397114]
[-80.82990858]
[-80.8202176]
[-80.7398224]
[-80.66060024]
[-80.73873928]
[-80.62501147]
[-80.57131373]
[-80.54522504]
[-80.60780743]
[-80.66726128]
[-80.69715721]
[-80.43552482]
[-80.68437564]
[-80.74523227]
[-80.55751186]
[-80.70137423]
[-80.45931635]
[-80.3797344]
[-80.36468499]
[-80.46039099]
[-80.43037948]
[-80.53960297]
[-80.44106731]
[-80.6113932]
[-80.61692517]
[-80.63573787]
[-80.68706282]
[-80.78092117]
[-80.78385529]
[-80.58360574]
[-80.92942112]
[-80.78467981]
[-80.93087897]
[-80.98677402]
[-80.75535528]
[-80.72147551]
[-80.40909542]
[-80.44396982]
[-80.51067756]
[-80.49475854]
[-80.70682661]
[-80.41958936]
[-80.56869217]
[-80.57871402]
[-80.58057646]
[-80.75577743]
[-80.78570432]
[-80.75534308]
[-80.88559881]
[-80.78495458]
[-80.53713393]
[-80.72343065]
[-80.8632234]
[-80.64136844]
[-80.60018513]
[-80.55179673]
[-80.61628894]
[-80.49818569]
[-80.48596259]
[-80.47239441]
[-80.48367741]
[-80.70987625]
[-80.5586192]
[-80.7022458]
[-80.68216219]
[-80.79591617]
[-80.6905403]
[-80.92406402]
[-80.65557122]
[-80.53706758]
[-80.66732658]
[-80.64851651]
[-80.70077042]
[-80.63784734]
[-80.6423757]
[-80.69136623]
[-80.64642924]
[-80.56948429]
[-80.6849441]
[-80.59571564]
[-80.62002801]
[-80.58728591]
[-80.37118806]
[-80.68915907]
[-80.54946027]
[-80.76189299]
[-80.75449193]
[-80.68280674]
[-80.61261134]
[-80.76552169]
[-80.67754072]
[-80.47508342]
[-80.63344294]
[-80.83552406]
[-80.69352564]
[-80.66793495]
[-80.63096966]
[-80.7410007]
[-80.65660885]
[-80.6579192]
[-80.66658362]
[-80.62479579]
[-80.51349998]
[-80.67627776]
[-80.76986917]
[-80.6252134]
[-80.71533933]
[-80.68288141]
[-80.79108223]
[-80.81072435]
[-80.57257952]
[-80.73617603]
[-80.46713322]
[-80.64046952]
[-80.72439499]
[-80.64048544]
[-80.43030691]
[-80.41393347]
[-80.39648375]
[-80.52641039]
[-80.62231365]
[-80.51766278]
[-80.42225169]
[-80.40458236]
[-80.54156586]
[-80.75336271]
[-80.63645846]
[-80.78149156]
[-80.57627754]
[-80.55281977]
[-80.52275234]
[-80.63033326]
[-80.67434892]
[-80.78371078]
[-80.64340897]
[-80.70590873]
[-80.62289355]
[-80.39536006]
[-80.62665063]
[-80.51490669]
[-80.44977909]
[-80.27395426]
[-80.28617694]
[-80.3561511]
[-80.57088821]
[-80.76502886]
[-80.97348182]
[-80.85193316]
[-81.04059911]
[-80.78652549]
[-80.883646]
[-80.72212585]
[-80.7581665]
[-80.809225]
[-80.70841537]
[-80.78779188]
[-80.76838678]
[-80.80001465]
