[-107.70567454]
[-107.16499705]
[-107.64369016]
[-107.46217178]
[-107.57420468]
[-107.60056237]
[-107.27816309]
[-107.45055642]
[-107.60889628]
[-107.59531311]
[-107.37729855]
[-107.21418874]
[-107.43952503]
[-107.52059839]
[-106.98396493]
[-107.35249001]
[-107.38675791]
[-107.32951907]
[-107.61956384]
[-107.61463858]
[-107.37964795]
[-107.19843509]
[-107.46679457]
[-107.4204511]
[-107.63011319]
[-107.48519003]
[-107.28315129]
[-107.49465006]
[-107.33143309]
[-107.11860149]
[-107.43869396]
[-107.77191943]
[-107.46218465]
[-107.38302916]
[-107.65863446]
[-107.607844]
[-107.51177251]
[-107.36638911]
[-107.28401254]
[-107.43355449]
[-107.20143233]
[-107.24960259]
[-107.53206157]
[-107.38834308]
[-107.36514333]
[-107.51039153]
[-107.42965407]
[-107.15366398]
[-107.52020562]
[-107.41358355]
[-107.21044003]
[-107.54442431]
[-107.49134998]
[-107.46921282]
[-107.67886677]
[-107.22325147]
[-107.62524911]
[-107.40117352]
[-107.64184782]
[-107.54236577]
[-107.70077059]
[-107.22330401]
[-107.52762642]
[-107.34097008]
[-107.80071167]
[-107.11135817]
[-107.72508722]
[-107.60301175]
[-107.24666488]
[-107.1823017]
[-107.75901784]
[-107.3549442]
[-107.39268422]
[-107.46336484]
[-107.27657569]
[-106.99826696]
[-107.47356346]
[-107.57610988]
[-107.24803395]
[-107.41475473]
[-107.61535422]
[-107.33489641]
[-107.16858395]
[-106.89459024]
[-107.30556112]
[-107.43555706]
[-107.20061617]
[-107.43690891]
[-107.59761201]
[-107.2572698]
[-107.27648594]
[-107.58110098]
[-107.49181875]
[-107.35105584]
[-107.22949117]
[-107.2599147]
[-107.75676365]
[-107.41898142]
[-107.20118169]
[-106.94577974]
[-107.74266507]
[-107.26446327]
[-107.31302837]
[-107.43733908]
[-107.29519456]
[-107.59434013]
[-107.60507365]
[-107.69960477]
[-107.66270685]
[-107.66270685]
[-106.9912993]
[-107.40212242]
[-107.43959088]
[-107.28117436]
[-107.6169004]
[-107.38521235]
[-107.31479547]
[-107.21580472]
[-107.02350149]
[-107.50690188]
[-107.4528248]
[-107.37602159]
[-107.64246215]
[-107.46570065]
[-107.57637322]
[-107.41772486]
[-107.60626647]
[-107.28270506]
[-107.48048781]
[-107.48980945]
[-107.60976269]
[-107.73538016]
[-107.3429335]
[-107.16424987]
[-107.45762035]
[-107.49409401]
[-107.35899729]
[-107.70462981]
[-107.3758563]
[-107.35035637]
[-107.46713045]
[-107.46741085]
[-107.61222981]
[-107.34101611]
[-107.45783441]
[-107.11026858]
[-107.39589899]
[-107.47359634]
[-107.41940719]
[-107.2491187]
[-107.5854816]
[-107.57002391]
[-107.54579398]
[-107.2229008]
[-107.70053519]
[-107.34054334]
[-107.6184974]
[-107.51561323]
[-107.28676883]
[-107.59915916]
[-107.43043754]
[-107.42756495]
[-107.54938194]
[-107.45542202]
[-107.21902584]
[-107.30459819]
[-107.6062816]
[-107.08897801]
[-107.36473088]
[-107.59808707]
[-107.61834604]
[-107.38514298]
[-107.48576363]
[-107.15746844]
[-107.56370165]
[-107.51108713]
[-107.82265226]
[-107.56163022]
[-107.6468589]
[-107.15947539]
[-107.58756117]
[-107.62403243]
[-107.09860474]
[-107.29123423]
[-106.92523236]
[-107.38459915]
[-107.14841748]
[-107.79694811]
[-107.39709839]
[-107.51409677]
[-107.60257826]
[-107.63977669]
[-107.70840518]
[-107.69945096]
[-107.45153422]
[-107.40340501]
[-107.3762634]
[-107.6000784]
[-107.25478058]
[-107.45429265]
[-107.13486051]
[-107.36149839]
[-107.34028391]
[-107.26442855]
[-107.46313819]
[-107.5497175]
[-107.4433182]
[-107.57196578]
[-107.64669222]
[-107.50813484]
[-107.43950065]
[-107.47581895]
[-107.51373064]
[-107.42848306]
[-107.52467389]
[-107.44394937]
[-107.18214505]
[-107.58446633]
[-107.61466274]
[-107.48390498]
[-107.54993403]
[-107.47219947]
[-107.33784301]
[-107.64896374]
[-107.28466356]
[-107.66892511]
[-107.36325259]
[-107.50846805]
[-107.66564188]
[-107.68553256]
[-107.32171364]
[-107.4453935]
[-107.3893026]
[-107.52872509]
[-107.45868947]
[-107.42876405]
[-107.34326523]
[-107.57925001]
[-107.47018532]
[-107.30135415]
[-107.81315812]
[-107.06693363]
[-107.065561]
[-107.53237367]
[-106.89051722]
[-107.50107615]
[-107.43482696]
[-107.55657517]
[-107.58822051]
[-107.54372781]
[-107.19869769]
[-107.53063252]
[-107.334824]
[-107.52927663]
[-107.65555824]
[-107.3435229]
[-107.40611424]
[-107.47888229]
[-107.33347381]
[-107.40678165]
[-107.21400055]
[-107.49606282]
[-107.34463958]
[-107.29734812]
[-107.54059648]
[-107.34312082]
[-107.501227]
[-107.57240461]
[-107.08190548]
[-107.61781586]
[-107.45658978]
[-107.31733754]
[-107.50599536]
[-107.36227166]
[-107.72963466]
[-107.64753967]
[-107.51092192]
[-107.39881032]
[-107.67499033]
[-107.17832541]
[-107.23144321]
[-107.41418773]
[-107.31189469]
[-107.41455057]
[-107.56955445]
[-107.62740441]
[-107.39648153]
[-107.33619726]
[-107.1499346]
[-107.29421852]
[-107.63576325]
[-107.63262862]
[-107.55530903]
[-107.47645602]
[-107.60060583]
[-107.41870954]
[-107.50864815]
[-107.57235824]
[-107.48884802]
[-107.70846568]
[-107.44938203]
[-107.36745972]
[-107.0693609]
[-107.07408137]
[-107.43755791]
[-107.43550965]
[-107.495808]
[-107.2515931]
[-107.58942004]
[-107.35085791]
[-107.40696771]
[-107.33555127]
[-107.02127577]
[-107.42707445]
[-107.29110769]
[-107.59285634]
[-107.53740673]
[-107.54833186]
[-107.54421438]
[-107.3231908]
[-107.70313608]
[-107.50186167]
[-107.57938093]
[-107.60026798]
[-107.17922895]
[-107.57518899]
[-107.51721978]
[-107.37403984]
[-107.30026284]
[-107.76037438]
[-107.36613587]
[-107.46323084]
[-107.14065872]
[-107.3773953]
[-107.58125007]
[-107.26578589]
[-107.7219121]
[-107.1797773]
[-107.4128854]
[-107.74853495]
[-107.34230566]
[-107.44587256]
[-107.46202479]
[-107.27215756]
[-107.48637242]
[-107.72706283]
[-107.16688453]
[-107.67459511]
[-107.5865477]
[-107.177362]
[-107.25980883]
[-107.49029063]
[-107.45388851]
[-107.31880066]
[-107.19307196]
[-107.57807166]
[-107.54178955]
[-107.79344351]
[-107.66783765]
[-107.38684364]
[-107.64099721]
[-107.34402435]
[-107.25408]
[-107.11082393]
[-107.30788262]
[-107.66609902]
[-107.57728051]
[-107.36159097]
[-107.24239394]
[-107.83508504]
[-107.4899429]
[-107.30528942]
[-107.52593112]
[-107.29633698]
[-107.52822173]
[-107.4314077]
[-107.56899652]
[-107.02846624]
[-107.48566784]
[-107.55266692]
[-107.73748385]
[-107.59030958]
[-107.53118661]
[-107.14798757]
[-107.73246397]
[-107.46549589]
[-107.27543347]
[-107.35271974]
[-106.94409123]
[-107.7089735]
[-107.32520745]
[-107.54759464]
[-107.50900788]
[-107.17890456]
[-107.60995019]
[-107.50019371]
[-107.25772337]
[-106.91599467]
[-107.26823594]
[-107.30846843]
[-107.26874003]
[-107.27582573]
[-107.61944601]
[-107.51099517]
[-107.33230834]
[-107.64392932]
[-107.40593482]
[-107.14738256]
[-106.6373773]
[-107.50885694]
[-107.46971926]
[-107.73285744]
[-107.43773117]
[-107.48078511]
[-107.44572605]
[-107.57655549]
[-107.36125766]
[-107.74429657]
[-107.49492539]
[-107.40110284]
[-107.43793482]
[-107.35651557]
[-107.40404391]
[-107.76428651]
[-107.23877643]
[-107.75911423]
[-107.70823641]
[-107.39066924]
[-107.66411883]
[-107.52672911]
[-107.53301097]
[-107.50009923]
[-107.24813275]
[-107.49353744]
[-107.36849899]
[-107.31131747]
[-107.73195054]
[-107.35055543]
[-107.63493981]
[-107.35670026]
[-107.33567889]
[-107.44690347]
[-107.66829287]
[-107.42820194]
[-107.2779256]
[-107.19575069]
[-107.44965557]
[-107.646339]
[-107.4145857]
[-107.32405655]
[-107.62064436]
[-107.51037066]
[-107.32097981]
[-107.39175185]
[-107.54491669]
[-107.01223471]
[-107.47942066]
[-107.32042164]
[-107.44072726]
[-107.24157642]
[-107.6385298]
[-107.31458187]
[-107.64187377]
[-107.67779699]
[-107.28067023]
[-107.6759378]
[-107.23066339]
[-107.60028903]
[-107.42553106]
[-107.41972071]
[-107.4414193]
[-107.39592292]
[-107.64262543]
[-107.69093058]
[-107.38510576]
[-107.15346025]
[-107.47561113]
[-107.69174418]
[-107.47043691]
[-107.6246909]
[-107.69678475]
[-107.49055322]
[-107.3035097]
[-107.44585855]
[-107.17225904]
[-107.60701477]
[-107.34728084]
[-107.25426778]
[-107.51387084]
[-107.55016597]
[-107.74551709]
[-107.62508963]
[-107.51990056]
[-107.29989696]
[-107.63579197]
[-107.63085346]
[-107.76391354]
[-107.26769786]
[-107.30301386]
[-107.47111981]
[-107.42368061]
[-107.50282246]
[-107.57926035]
[-107.3624511]
[-107.79812766]
[-107.43500629]
[-107.38722526]
[-107.40057749]
[-107.42110406]
[-107.46219142]
[-107.60394414]
[-107.3330383]
[-107.53121602]
[-107.61552925]
[-107.33522592]
[-107.73476866]
[-107.39123942]
[-107.24515814]
[-107.47057611]
[-107.64686835]
[-107.48024579]
[-107.50901085]
[-107.50443061]
[-107.41727599]
[-107.50320188]
[-107.3509757]
[-107.47997598]
[-107.17804699]
[-107.35854234]
[-107.39531846]
[-107.6669563]
[-107.2646896]
[-107.60947319]
[-107.78594391]
[-107.59076512]
[-107.40528274]
[-107.32821393]
[-107.69696828]
[-107.03133312]
[-107.42696444]
[-107.2700661]
[-107.61272475]
[-107.53649525]
[-107.45769857]
[-107.44496683]
[-107.49638977]
[-107.32785132]
[-107.207025]
[-107.25907248]
[-107.69070965]
[-107.23197982]
[-107.44286009]
[-107.22935589]
[-107.31428767]
[-107.44332188]
[-107.25269596]
[-107.63211904]
[-107.38367705]
[-107.42602316]
[-107.71210586]
[-107.33186947]
[-107.3617414]
[-107.42767957]
[-107.29911977]
[-107.38933082]
[-107.74385595]
[-107.53370995]
[-107.48445606]
[-107.67045741]
[-107.10244907]
[-107.59118134]
[-107.59218153]
[-107.41936535]
[-107.66249688]
[-107.68463714]
[-107.65449354]
[-107.82264277]
[-107.33895101]
[-107.28187468]
[-107.72507426]
[-107.47280751]
[-107.41618]
[-107.4281578]
[-107.42416668]
[-107.52959664]
[-107.88803921]
[-107.50191701]
[-107.47922307]
[-107.20000709]
[-107.58351603]
[-107.48977667]
[-107.38306481]
[-107.22094902]
[-107.37870196]
[-107.27768935]
[-107.38378238]
[-107.49527073]
[-107.59769266]
[-107.60548886]
[-107.63509013]
[-107.68998845]
[-106.97212916]
[-107.54333001]
[-107.53791326]
[-107.3903714]
[-107.45446268]
[-107.59988855]
[-107.26014353]
[-107.63916594]
[-107.49382894]
[-107.33556027]
[-107.41998583]
[-107.36786812]
[-107.50414738]
[-107.50881279]
[-107.40877266]
[-107.5718314]
[-107.53183826]
[-107.32258946]
[-107.19821126]
[-107.49533091]
[-107.09296029]
[-107.38764392]
[-107.48770002]
[-107.37486696]
[-107.35687459]
[-107.25548092]
[-107.767136]
[-107.50736054]
[-107.21646737]
[-107.36374686]
[-107.60150977]
[-107.38466014]
[-107.68480069]
[-107.7386799]
[-107.30730297]
[-107.5579624]
[-107.75983644]
[-107.58829881]
[-107.58362803]
[-107.23345521]
[-107.61633915]
[-107.3057279]
[-107.45671812]
[-107.33198342]
[-107.55457392]
[-107.2746154]
[-107.42634095]
[-107.56145321]
[-107.45969296]
[-107.56063121]
[-107.70181905]
[-107.39946296]
[-107.23252845]
[-107.59594376]
[-107.25429196]
[-107.29828082]
[-107.60447057]
[-107.24399548]
[-107.50449523]
[-107.2723802]
[-107.39514559]
[-107.47648207]
[-107.49470962]
[-107.14408363]
[-107.42125646]
[-107.61501656]
[-107.24048138]
[-107.18809622]
[-107.66023584]
[-107.51787432]
[-107.55361212]
[-107.88437963]
[-107.399341]
[-107.42833199]
[-107.44433605]
[-107.45234361]
[-107.72919539]
[-107.37998883]
[-107.3760343]
[-107.57278688]
[-107.45315965]
[-107.72051925]
[-107.36644563]
[-107.52322383]
[-107.74705999]
[-107.39130392]
[-107.25761108]
[-107.77214591]
[-107.66403601]
[-107.53787063]
[-107.28955087]
[-107.59441404]
[-107.46467556]
[-107.63423887]
[-107.73762818]
[-107.33468964]
[-107.67673092]
[-107.62973757]
[-107.54048097]
[-107.33325051]
[-107.84445069]
[-107.67181914]
[-107.66641265]
[-107.52180696]
[-107.5033052]
[-107.79099884]
[-107.41652103]
[-107.45696034]
[-107.4792047]
[-107.33246722]
[-107.15776079]
[-107.72219967]
[-107.25069144]
[-107.59022385]
[-107.44779458]
[-107.5502516]
[-107.52016231]
[-107.43388314]
[-107.53327171]
[-107.70772083]
[-107.12815134]
[-107.38728875]
[-107.74780932]
[-107.6015347]
[-107.35661343]
[-107.43734037]
[-107.53018403]
[-107.23431873]
[-107.24709526]
[-107.38428807]
[-107.57266211]
[-107.37767984]
[-107.25856536]
[-107.62269374]
[-107.53421862]
[-107.54659546]
[-107.43026949]
[-107.44002131]
[-107.62585423]
[-107.25179564]
[-107.24165182]
[-107.40233858]
[-107.27204545]
[-107.45650915]
[-107.49441698]
[-107.36455161]
[-107.34752085]
[-107.58414541]
[-107.66007843]
[-107.00781788]
[-107.37560379]
[-107.52771392]
[-107.80263099]
[-107.73211866]
[-107.41542079]
[-107.59694997]
[-107.54626397]
[-106.94051154]
[-107.50133081]
[-107.36585468]
[-107.72795003]
[-107.25418557]
[-107.18549033]
[-107.45332415]
[-107.54679589]
[-107.54142504]
[-107.48517713]
[-107.78879059]
[-107.62600799]
[-107.41989054]
[-107.17737261]
[-107.43334868]
[-107.48257748]
[-107.2051044]
[-107.53907448]
[-107.58988207]
[-107.48685151]
[-107.2056549]
[-107.57687763]
[-107.66313791]
[-107.41512151]
[-107.55931359]
[-107.23853567]
[-107.50808653]
[-107.42017759]
[-107.3954043]
[-107.48340464]
[-107.46749319]
[-107.33571752]
[-107.64384176]
[-107.45124891]
[-107.41781122]
[-107.18057714]
[-107.74111397]
[-107.37956213]
[-107.43515824]
[-107.5261165]
[-107.55948636]
[-107.46260107]
[-107.36371362]
[-107.51970193]
[-107.50949953]
[-107.21623318]
[-107.38086542]
[-107.7321184]
[-107.65747482]
[-107.40564973]
[-107.52378024]
[-107.52859814]
[-107.09121424]
[-107.29297446]
[-107.40248773]
[-107.38088111]
[-107.45307756]
[-107.30930893]
[-107.17685626]
[-107.48032246]
[-107.23261281]
[-107.21430279]
[-107.51764963]
[-107.2183851]
[-107.41881693]
[-106.86830363]
[-107.67341717]
[-107.60299455]
[-107.3944007]
[-107.46750828]
[-107.27114042]
[-107.27806125]
[-107.36437442]
[-107.58708694]
[-107.46852586]
[-107.40736204]
[-107.49608208]
[-107.46609314]
[-107.09684069]
[-107.42997687]
[-107.64012715]
[-107.41068613]
[-107.56951298]
[-107.85922365]
[-107.30983702]
[-107.4643979]
[-107.38015923]
[-107.80699316]
[-107.25138137]
[-107.29670074]
[-107.34522208]
[-107.15943641]
[-107.15861449]
[-107.42663169]
[-107.33175602]
[-107.34732676]
[-107.75769022]
[-107.69174863]
[-107.36080474]
[-107.32576553]
[-107.574664]
[-107.528456]
[-107.29138084]
[-107.68963432]
[-107.40493795]
[-107.41588951]
[-107.4178918]
[-107.2463229]
[-107.43023323]
[-107.30308794]
[-107.532091]
[-107.30939526]
[-107.21908009]
[-107.62489571]
[-107.59165172]
[-107.65221499]
[-107.50165028]
[-107.65664808]
[-107.36397768]
[-107.52874793]
[-107.41156214]
[-107.33551406]
[-107.51302663]
[-107.3778834]
[-107.4271659]
[-107.4135576]
[-107.79702002]
[-107.65903362]
[-107.49396403]
[-107.59748519]
[-107.12632081]
[-107.30324237]
[-107.37563991]
[-107.28803795]
[-107.52247951]
[-107.50741556]
[-107.53373012]
[-107.59949638]
[-107.60315224]
[-107.38893538]
[-107.2833095]
[-107.85740544]
[-107.19030701]
[-107.4348433]
[-107.37492737]
[-107.6488453]
[-107.77694312]
[-107.53194399]
[-107.74291666]
[-107.46283157]
[-107.30001137]
[-107.53655206]
[-107.89449923]
[-107.66182157]
[-107.34070796]
[-107.34070796]
[-107.47245465]
[-107.47554492]
[-107.459302]
[-107.40160001]
[-107.40010243]
[-107.47749966]
[-107.02620217]
[-107.45947202]
[-107.78850277]
[-107.62479814]
[-107.55638954]
[-107.51433635]
[-107.53633991]
[-107.49330562]
[-107.26258774]
[-107.28310996]
[-107.58082783]
[-107.59567034]
[-107.12229502]
[-107.43726393]
[-107.50871171]
[-107.54396771]
[-107.7762072]
[-107.58182248]
[-107.64914883]
[-107.68314873]
[-107.30403542]
[-107.10829467]
[-107.38747926]
[-107.39803195]
[-107.87084158]
[-107.48977849]
[-107.36854965]
[-107.45698743]
[-107.63737217]
[-107.59558143]
[-107.5964354]
[-107.12379214]
[-107.14708832]
[-107.72276413]
[-107.74297437]
[-107.74297437]
[-107.35664266]
[-107.28028307]
[-107.27997225]
[-107.48098441]
[-107.38878682]
[-107.49574652]
[-107.5316253]
[-107.52702783]
[-107.34226264]
[-107.58869598]
[-107.36040598]
[-107.46387496]
[-107.48579862]
[-107.63147876]
[-107.47380408]
[-107.35456303]
[-107.57618129]
[-107.2320252]
[-107.44093662]
[-107.31139376]
[-107.43369346]
[-107.71025222]
[-107.46529728]
[-107.39231294]
[-107.38824292]
[-107.72234871]
[-107.39745458]
[-107.63707614]
[-107.52001013]
[-107.40370148]
[-107.32991176]
[-107.40418248]
[-107.67391995]
[-107.57246041]
[-107.48111506]
[-107.74033277]
[-107.41948989]
[-107.2875502]
[-107.28918057]
[-107.32023201]
[-107.78778064]
[-107.72264942]
[-107.62363984]
[-107.35045305]
[-107.51109357]
[-107.17414278]
[-107.57247881]
[-107.80267311]
[-107.63538385]
[-107.19774391]
[-107.74170521]
[-107.33744403]
[-107.24150047]
[-107.71189363]
[-107.71889157]
[-107.52257953]
[-107.30360443]
[-107.7032888]
[-107.3029095]
[-107.34332269]
[-107.20436385]
[-107.47145295]
[-107.55382672]
[-107.60198882]
[-107.79612543]
[-107.55608638]
[-107.63085927]
[-107.77271343]
[-107.643747]
[-107.21923885]
[-107.24834543]
[-107.34205775]
[-107.45591592]
[-107.26128936]
[-107.60108349]
[-107.53521522]
[-107.5845934]
[-107.69695526]
[-107.43072974]
[-107.48941616]
[-107.46632344]
[-107.63875867]
[-107.24592482]
[-107.73121849]
[-107.31968533]
[-107.59791084]
[-106.81986134]
[-107.47859358]
[-107.41783595]
[-107.67744114]
[-107.54459667]
[-106.70736546]
[-107.26368921]
[-107.88916858]
[-107.81110014]
[-107.47955179]
[-107.34143696]
[-107.40349523]
[-107.29522437]
[-107.7730692]
[-107.51547366]
[-107.13026668]
[-107.3433617]
[-107.68153864]
[-107.4773678]
[-107.56508822]
[-107.45943982]
[-107.7024317]
[-107.45324043]
[-107.42689315]
[-107.50971626]
[-107.81139502]
[-107.52144765]
[-107.58813463]
[-107.03479516]
[-107.8251116]
[-107.26934963]
[-107.59852945]
[-107.6752584]
[-107.27888342]
[-107.20605197]
[-107.73798908]
[-107.42352005]
[-107.54822654]
[-107.42096725]
[-107.58957694]
[-107.31622933]
[-107.5621825]
[-107.5866606]
[-107.41990018]
[-107.65771907]
[-107.77153925]
[-107.34990251]
[-107.64111838]
[-107.27391764]
[-107.17509813]
[-107.31192151]
[-107.64456506]
[-107.27895357]
[-107.49290529]
[-107.398654]
[-107.7471717]
[-107.01885152]
[-107.3823289]
[-107.56603538]
[-107.69851147]
[-107.6344699]
[-107.4615722]
[-107.34250772]
[-107.14814114]
[-107.74039078]
[-107.32805882]
[-107.81645203]
[-107.60478326]
[-107.54985824]
[-107.45477425]
[-107.52415083]
[-107.32610636]
[-107.37601069]
[-107.31527871]
[-107.32865814]
[-107.35377173]
[-107.56601165]
[-107.26379092]
[-107.3760288]
[-107.65652802]
[-107.63508532]
[-107.68078482]
[-107.55652667]
[-107.43859395]
[-107.56772999]
[-107.66826541]
[-107.34739709]
[-107.50240109]
[-107.54303885]
[-107.74587778]
[-107.34911125]
[-107.31543027]
[-107.57218048]
[-107.68908856]
[-107.60688125]
[-107.65557433]
[-107.00588927]
[-107.56555869]
[-107.19484177]
[-107.66127178]
[-107.68518604]
[-107.40177299]
[-107.06537007]
[-107.73437351]
[-107.21716243]
[-107.34372127]
[-107.35435798]
[-107.73836104]
[-107.49046265]
[-107.34224473]
[-107.51032743]
[-107.11886472]
[-107.79751866]
[-107.46350916]
[-107.46141366]
[-107.28220599]
[-107.28979328]
[-107.18995212]
[-107.37548504]
[-107.66275087]
[-107.40286688]
[-107.65596513]
[-107.48710303]
[-107.29106623]
[-107.42672628]
[-107.46478753]
[-107.66351673]
[-107.37327155]
[-107.22516342]
[-107.67114581]
[-107.3240707]
[-107.60343646]
[-107.56740706]
[-107.63049802]
[-107.39156009]
[-107.28725748]
[-107.56897133]
[-107.81354755]
[-107.40848951]
[-107.17493959]
[-107.29502708]
[-107.5071724]
[-107.49986147]
[-107.52047459]
[-107.78190944]
[-107.88718692]
[-107.51866815]
[-107.51901569]
[-107.40900328]
[-107.15576495]
[-107.88147894]
[-107.47151004]
[-107.63969312]
[-107.89083883]
[-107.7400907]
[-107.35808187]
[-107.28337515]
[-107.34056047]
