[-106.96456321]
[-107.10073131]
[-106.95576181]
[-107.1156967]
[-106.98291121]
[-107.03733363]
[-107.02735594]
[-107.04596274]
[-106.90855079]
[-107.1273597]
[-106.83309312]
[-107.002535]
[-107.02912692]
[-107.01002483]
[-107.04601478]
[-107.07040755]
[-107.08611976]
[-107.0592495]
[-107.01074817]
[-106.93768371]
[-107.0582478]
[-107.06089603]
[-107.04088711]
[-106.94167964]
[-106.96941555]
[-107.07067701]
[-107.02490978]
[-107.09793299]
[-106.98100775]
[-106.83155816]
[-107.11502027]
[-107.10580533]
[-107.11470243]
[-107.02296175]
[-107.14504835]
[-107.0047879]
[-107.01429048]
[-107.04771095]
[-106.86232848]
[-103.95360113]
[-107.0162981]
[-107.08230264]
[-107.14571926]
[-107.11982071]
[-107.02834828]
[-107.04616567]
[-107.04676648]
[-107.00906136]
[-107.08156263]
[-107.01449805]
[-107.05635928]
[-106.9454043]
[-107.15761549]
[-107.08090757]
[-107.07517585]
[-107.16923913]
[-107.10847305]
[-107.17487746]
[-107.01236173]
[-107.05123621]
[-107.06779478]
[-107.02233631]
[-107.06353333]
[-107.06430236]
[-107.06702794]
[-107.06427222]
[-107.0657788]
[-107.04059401]
[-107.15732122]
[-107.02541273]
[-107.09207465]
[-106.54096369]
[-107.13010299]
[-107.08807038]
[-107.06513392]
[-107.00844418]
[-106.92517179]
[-106.72770335]
[-106.97616314]
[-107.06924378]
[-107.07364595]
[-107.05989491]
[-106.94776447]
[-106.8637184]
[-107.07778212]
[-106.9295914]
[-107.08828769]
[-107.06772377]
[-107.11373574]
[-107.11310067]
[-107.13678661]
[-107.15952713]
[-106.956124]
[-106.84516948]
[-107.00791671]
[-106.93125941]
[-107.0639896]
[-107.07812233]
[-107.05325794]
[-107.02459922]
[-107.02646161]
[-106.94752985]
[-107.10748786]
[-107.11886668]
[-106.99215518]
[-106.98127575]
[-107.05997415]
[-106.99095418]
[-107.19465428]
[-107.05266328]
[-107.09845553]
[-107.03692088]
[-106.98371319]
[-106.99475404]
[-107.10128167]
[-107.00310695]
[-107.14933885]
[-107.14879426]
[-107.02906867]
[-107.10614354]
[-107.11175699]
[-107.02991966]
[-107.02539871]
[-107.10983379]
[-107.08181734]
[-106.96077685]
[-107.07600806]
[-107.18181285]
[-107.22778086]
[-107.13156101]
[-106.96551886]
[-106.99751841]
[-107.16766894]
[-107.10558155]
[-107.06216187]
[-107.0680118]
[-107.00917451]
[-107.1520842]
[-107.18402259]
[-106.99917437]
[-107.04566895]
[-107.08191215]
[-107.02497995]
[-107.12795994]
[-107.0196061]
[-107.01158427]
[-107.10692769]
[-106.9909]
[-107.16961021]
[-107.12239961]
[-107.03896198]
[-106.9565079]
[-106.97214402]
[-107.11641437]
[-107.15887273]
[-107.13356136]
[-107.09287319]
[-107.04084623]
[-107.03805368]
[-107.06405822]
[-107.10176794]
[-107.16759795]
[-106.86374444]
[-106.98633875]
[-107.08471037]
[-107.11778447]
[-106.98191562]
[-107.04300459]
[-107.00555294]
[-107.00924863]
[-107.0939861]
[-107.04382492]
[-107.14192575]
[-107.12993188]
[-107.10875244]
[-107.10260932]
[-107.03939716]
[-107.12158343]
[-106.93051231]
[-107.07568044]
[-107.17159574]
[-107.17023407]
[-107.07851841]
[-107.11974557]
[-107.14965144]
[-107.16956237]
[-107.00984525]
[-106.9634066]
[-107.01280676]
[-107.13222881]
[-106.98706719]
[-107.05720643]
[-107.08435214]
[-107.12842509]
[-107.11979878]
[-107.04533282]
[-107.15060695]
[-107.11037295]
[-107.01591166]
[-107.04123251]
[-107.11687804]
[-107.05598981]
[-106.69485873]
[-107.04607004]
[-107.08874922]
[-107.09931472]
[-107.06441022]
[-107.08697883]
[-107.14342962]
[-107.05231821]
[-106.97084742]
[-107.10797546]
[-106.91312368]
[-107.165858]
[-106.95502791]
[-107.15916798]
[-107.07974604]
[-107.16411865]
[-107.05601185]
[-106.99877348]
[-107.10853858]
[-107.0708039]
[-106.95481941]
[-106.95421015]
[-107.03833499]
[-106.99921694]
[-107.07113103]
[-107.15719556]
[-107.06056358]
[-106.9642593]
[-107.1477544]
[-107.12575285]
[-107.10685579]
[-106.95292664]
[-107.06282006]
[-107.02012674]
[-106.84489652]
[-107.11382431]
[-107.01089178]
[-107.19351435]
[-107.0902415]
[-107.12058773]
[-107.18453611]
[-107.13127847]
[-107.11265004]
[-106.75555685]
[-107.11782419]
[-107.0162242]
[-107.2045159]
[-107.04978148]
[-107.0608972]
[-107.14378617]
[-107.0198252]
[-107.17924707]
[-107.13672526]
[-106.96876359]
[-107.09356786]
[-107.17498785]
[-107.03871173]
[-106.98225547]
[-107.09133222]
[-107.19606541]
[-107.08991412]
[-107.1559346]
[-106.97240224]
[-107.02976203]
[-107.11774767]
[-107.08831691]
[-107.03633749]
[-107.09809699]
[-107.09055963]
[-107.07746586]
[-107.14685388]
[-107.16436288]
[-107.04749554]
[-107.0721788]
[-107.13456644]
[-107.12297944]
[-107.05465352]
[-106.99641582]
[-107.08685499]
[-106.93704537]
[-107.0946315]
[-107.06172624]
[-107.09055859]
[-107.0459037]
[-107.04866747]
[-107.08375412]
[-107.00259436]
[-107.13881456]
[-107.13746158]
[-107.05147843]
[-107.12562323]
[-106.96808434]
[-107.08366147]
[-107.06945279]
[-107.10297264]
[-107.00363793]
[-107.03794286]
[-107.0503896]
[-107.18380657]
[-107.02960537]
[-107.09404789]
[-107.0725397]
[-106.99826652]
[-106.99110252]
[-106.94995923]
[-107.03644575]
[-107.07256486]
[-107.1533504]
[-107.00730351]
[-106.99262915]
[-107.12667254]
[-107.07111433]
[-107.03333952]
[-107.10340615]
[-107.04861501]
[-107.06677069]
[-107.20013382]
[-107.1154732]
[-107.04506591]
[-107.09506306]
[-107.02213803]
[-107.16386117]
[-107.10674762]
[-107.05589354]
[-107.13576036]
[-107.04486319]
[-107.0601373]
[-107.07375506]
[-107.02502193]
[-107.02143735]
[-107.07031504]
[-107.00050784]
[-107.07549926]
[-107.17046634]
[-107.07881714]
[-107.03337713]
[-107.01924331]
[-107.11428033]
[-107.06896476]
[-107.18424167]
[-107.07328778]
[-107.1493057]
[-106.99366325]
[-107.13598756]
[-107.01173267]
[-107.02720545]
[-107.11560506]
[-107.04581619]
[-107.16635083]
[-107.01433265]
[-107.08726088]
[-107.12541428]
[-107.11931366]
[-107.03457065]
[-107.06803619]
[-107.13420705]
[-106.92093013]
[-107.03428872]
[-107.11324079]
[-107.09115454]
[-107.11123429]
[-107.11734028]
[-107.06196095]
[-107.17166935]
[-107.17639164]
[-107.04567176]
[-107.0434495]
[-107.02240374]
[-107.09542851]
[-107.05007032]
[-107.0818258]
[-107.03837889]
[-107.14905022]
[-106.99782255]
[-107.02160195]
[-107.14711075]
[-106.99993782]
[-107.08312026]
[-107.099466]
[-107.09575724]
[-107.01846417]
[-107.03479159]
[-107.06507947]
[-107.07569941]
[-107.0893361]
[-106.99136994]
[-107.10028243]
[-106.9156334]
[-107.08669645]
[-107.07307696]
[-107.07974895]
[-107.19383788]
[-106.96824392]
[-107.09795613]
[-107.05584511]
[-107.05075665]
[-107.09988686]
[-107.1594564]
[-107.17374357]
[-107.14809056]
[-107.10943423]
[-106.87377067]
[-107.03251447]
[-107.00675104]
[-107.11719594]
[-106.97563747]
[-107.25512848]
[-107.03488765]
[-107.20578796]
[-107.0663295]
[-107.07780326]
[-107.03988891]
[-107.16664353]
[-107.11598037]
[-107.06420785]
[-106.87854537]
[-107.14538551]
[-107.09859818]
[-106.98317086]
[-107.06302685]
[-106.83253464]
[-107.12931874]
[-107.09098352]
[-106.96003813]
[-107.01061981]
[-107.13132934]
[-106.87608891]
[-107.10361387]
[-106.98839415]
[-107.09264697]
[-107.01798977]
[-107.1825479]
[-106.93804184]
[-107.00499414]
[-107.03106017]
[-107.06079335]
[-106.95966273]
[-107.12066386]
[-107.10130616]
[-107.13348673]
[-107.12124525]
[-107.11005489]
[-107.12470729]
[-106.98103974]
[-107.15192822]
[-107.12719545]
[-107.10065351]
[-107.12512071]
[-107.03885825]
[-107.10252675]
[-107.15490061]
[-107.07111556]
[-107.15827136]
[-107.13740245]
[-107.05600905]
[-107.04636226]
[-107.04220837]
[-107.08632063]
[-107.14266386]
[-107.09974402]
[-107.10550507]
[-107.06505611]
[-107.05135196]
[-106.94020244]
[-107.15965829]
[-107.10836031]
[-107.08490499]
[-107.04987547]
[-107.20538547]
[-107.09529715]
[-107.097608]
[-107.00012888]
[-107.1316279]
[-107.02582348]
[-106.94413989]
[-107.17060409]
[-107.11124844]
[-106.9243478]
[-106.74357784]
[-107.08253549]
[-107.09857009]
[-107.0996734]
[-107.05201217]
[-107.07112797]
[-107.09162107]
[-107.0255185]
[-107.061898]
[-107.05531258]
[-107.11194338]
[-107.06406275]
[-107.04439833]
[-106.98954521]
[-106.5903399]
[-107.047099]
[-106.82342539]
[-107.01869253]
[-107.07967694]
[-107.08694107]
[-106.89383631]
[-107.0363042]
[-107.07913814]
[-107.12244388]
[-107.08631077]
[-106.96786789]
[-106.97209513]
[-107.06648712]
[-107.04697828]
[-107.10725407]
[-106.97088207]
[-106.93658258]
[-107.04523986]
[-107.00124112]
[-107.09040496]
[-106.98066662]
[-107.07430805]
[-107.07395268]
[-107.00696768]
[-106.99317911]
[-107.0465114]
[-107.16285867]
[-106.97642982]
[-107.12066958]
[-106.99590074]
[-107.14616468]
[-107.16093135]
[-107.04909798]
[-107.06484064]
[-107.02264195]
[-107.09354127]
[-107.08935838]
[-106.9635461]
[-106.95581626]
[-107.13227706]
[-107.10140839]
[-106.89428774]
[-107.19129409]
[-107.10868699]
[-107.12411993]
[-107.03918327]
[-107.08951991]
[-107.06880266]
[-107.0871478]
[-107.06266752]
[-107.15656864]
[-107.1199356]
[-107.00554482]
[-107.0844687]
[-107.06043807]
[-106.91757094]
[-107.13124682]
[-107.09918804]
[-107.15976099]
[-107.08188931]
[-107.04848284]
[-107.17865948]
[-106.99006871]
[-106.99245265]
[-107.02928444]
[-107.05801832]
[-107.02113431]
[-107.16817736]
[-107.04998221]
[-107.11820567]
[-107.06711952]
[-107.06219133]
[-107.12040797]
[-106.9736976]
[-107.0625481]
[-107.09838074]
[-107.08449834]
[-107.08024648]
[-107.04248355]
[-107.06569248]
[-107.06446647]
[-107.00005621]
[-107.15689898]
[-106.98417025]
[-107.09034305]
[-107.07249081]
[-107.09996906]
[-106.97662844]
[-107.02606042]
[-107.13272236]
[-107.00029672]
[-107.04323963]
[-106.98289144]
[-107.1025602]
[-106.99224344]
[-107.05820182]
[-107.05692864]
[-107.12282316]
[-107.01813097]
[-106.98878283]
[-107.01284428]
[-107.11590379]
[-107.02490285]
[-107.156991]
[-107.15675595]
[-106.91204167]
[-106.96188958]
[-107.03149648]
[-107.10845239]
[-106.99834733]
[-107.10914806]
[-107.04579406]
[-107.07952964]
[-106.94633417]
[-107.1672445]
[-107.05255737]
[-107.1022477]
[-106.98007951]
[-107.07851221]
[-106.99821885]
[-106.84723321]
[-107.0008476]
[-107.17745917]
[-107.10540253]
[-107.08345561]
[-107.01417343]
[-107.07385495]
[-107.10452895]
[-107.11599626]
[-107.1098178]
[-107.02449564]
[-107.04805536]
[-107.01050938]
[-107.03156615]
[-107.10839254]
[-107.12696596]
[-107.0263513]
[-107.05296183]
[-107.16487376]
[-107.05488465]
[-107.1163387]
[-106.8336905]
[-106.9018111]
[-106.99616657]
[-107.08619182]
[-106.94052585]
[-107.1190235]
[-107.16746561]
[-107.15113466]
[-107.16388736]
[-107.07974904]
[-107.12772325]
[-107.08028775]
[-107.0785412]
[-107.02087781]
[-107.07619402]
[-107.08465278]
[-106.72214782]
[-107.07714887]
[-107.0523437]
[-107.058457]
[-107.23354258]
[-107.09276891]
[-106.93523816]
[-107.02894957]
[-107.05544469]
[-107.10786648]
[-107.10406382]
[-107.10590645]
[-107.02634201]
[-106.97042556]
[-107.20884495]
[-107.05675992]
[-107.170835]
[-107.15746235]
[-107.14918287]
[-107.12428696]
[-107.12345363]
[-107.10534717]
[-107.05372984]
[-107.22921205]
[-107.08383999]
[-107.07019439]
[-107.11020094]
[-107.08781455]
[-107.05462688]
[-107.13626229]
[-107.19656942]
[-107.05110752]
[-107.16753713]
[-107.08879328]
[-107.12393528]
[-107.15531945]
[-107.11162973]
[-106.99140772]
[-107.03746155]
[-107.1282296]
[-107.07114514]
[-106.99644531]
[-107.12630027]
[-107.07905933]
[-107.06283255]
[-107.06240614]
[-107.06309299]
[-107.19914314]
[-107.02129864]
[-107.00594361]
[-107.05718782]
[-107.06700502]
[-106.90937522]
[-107.04255128]
[-107.06561679]
[-107.11713928]
[-107.0741567]
[-107.01868385]
[-107.10532682]
[-107.17129841]
[-107.0006017]
[-106.98659784]
[-107.1199386]
[-107.139551]
[-107.02079295]
[-107.14776103]
[-106.90969846]
[-106.98808106]
[-106.98046247]
[-107.13533105]
[-107.10353805]
[-107.06789234]
[-107.09504621]
[-107.08780845]
[-106.8742043]
[-106.57981391]
[-107.05927674]
[-107.14283747]
[-106.12999392]
[-106.9238487]
[-107.09127492]
[-107.04695203]
[-107.03276968]
[-106.47810454]
[-107.05952774]
[-107.0532587]
[-107.09494806]
[-107.06823851]
[-107.0269824]
[-107.08010182]
[-107.12164292]
[-107.15900109]
[-107.04779223]
[-107.07453056]
[-107.08132125]
[-107.14422719]
[-107.07148891]
[-107.06242357]
[-107.06445788]
[-106.96402013]
[-106.97006704]
[-106.8281627]
[-107.01605815]
[-107.13127412]
[-106.7990342]
[-107.1031277]
[-107.16868702]
[-107.08576132]
[-106.8686739]
[-107.00455878]
[-107.06811349]
[-107.05517686]
[-107.09851071]
[-107.12064479]
[-107.04371235]
[-107.15919404]
[-107.02058775]
[-106.82707247]
[-107.0662567]
[-107.14054847]
[-107.03545273]
[-106.98387812]
[-107.13378318]
[-107.1012472]
[-107.01166858]
[-107.07916601]
[-107.1792832]
[-107.04849082]
[-107.11772958]
[-107.1261797]
[-107.07013575]
[-107.00092581]
[-106.98558446]
[-107.07395187]
[-106.99093203]
[-107.13475973]
[-106.87881043]
[-107.05936667]
[-106.71606752]
[-107.03616468]
[-107.09684158]
[-107.12536607]
[-107.01856816]
[-107.12598598]
[-107.13478226]
[-107.12028232]
[-107.0484268]
[-107.14361283]
[-106.98387938]
[-106.87831335]
[-107.04858073]
[-107.07590754]
[-106.76940572]
[-107.03949369]
[-107.11583613]
[-107.08731057]
[-107.07522585]
[-107.05040774]
[-107.1747617]
[-107.07964355]
[-106.67164273]
[-106.75146396]
[-106.93071957]
[-107.00453771]
[-107.08106096]
[-107.13717595]
[-107.01889507]
[-107.05224414]
[-107.14340257]
[-107.08981616]
[-107.08112318]
[-106.92266167]
[-106.99168893]
[-106.96263582]
[-107.023802]
[-107.11344505]
[-107.12737764]
[-107.07414971]
[-107.0660605]
[-106.97553656]
[-107.02093247]
[-107.15417747]
[-107.11033473]
[-107.1123725]
[-107.13452679]
[-107.05540133]
[-106.96685461]
[-107.09396321]
[-107.07780364]
[-107.13793207]
[-107.13993023]
[-107.06256217]
[-107.00083508]
[-107.06759182]
[-107.04146285]
[-107.00308307]
[-107.04989704]
[-107.07823281]
[-107.12238423]
[-107.11134497]
[-107.09430121]
[-106.98502301]
[-107.11908569]
[-107.09459821]
[-106.95205876]
[-106.99443747]
[-107.13871073]
[-107.03213381]
[-107.01219393]
[-107.06507803]
[-107.1252359]
[-107.04511655]
[-106.98349841]
[-107.15125212]
[-107.08315375]
[-107.213587]
[-107.04719315]
[-106.9939834]
[-107.07877014]
[-106.94256921]
[-106.95973108]
[-107.14227867]
[-107.00861608]
[-106.95086469]
[-107.00373378]
[-107.05237178]
[-107.05568174]
[-107.08963185]
[-107.00669076]
[-107.14228143]
[-106.94528132]
[-106.97440668]
[-107.1122582]
[-106.97657958]
[-107.0347746]
[-107.05818302]
[-107.04582602]
[-107.18011067]
[-107.16025326]
[-107.19402712]
[-106.92235866]
[-106.98273966]
[-107.13724636]
[-107.01796503]
[-107.09921579]
[-106.99640642]
[-107.11805157]
[-107.08063208]
[-107.06517552]
[-107.08505971]
[-107.07480569]
[-107.06327324]
[-107.12857384]
[-107.18577001]
[-106.93614429]
[-107.10398587]
[-107.12486325]
[-107.02985044]
[-107.04642801]
[-107.08867396]
[-107.07486596]
[-107.14066366]
[-107.14290047]
[-106.86826627]
[-107.03278783]
[-107.1302585]
[-106.93677782]
[-107.09145925]
[-107.05852046]
[-107.00752918]
[-107.06982072]
[-107.11553477]
[-107.03793745]
[-107.05012712]
[-107.027235]
[-106.94561441]
[-107.10002015]
[-107.04780174]
[-107.10334309]
[-107.00315362]
[-107.07577687]
[-107.07052706]
[-107.0425663]
[-106.95106347]
[-107.07002499]
[-107.07490314]
[-106.98007106]
[-107.08837582]
[-107.04982998]
[-107.00083543]
[-107.10687128]
[-107.03900241]
[-107.0528717]
[-107.03152964]
[-107.01627414]
[-107.10799207]
[-107.16872975]
[-107.02180748]
[-106.97931054]
[-106.89941915]
[-106.97338481]
[-107.04845746]
[-106.80474357]
[-107.03976709]
[-107.07743298]
[-107.13741918]
[-107.10063524]
[-106.95367026]
[-106.95016724]
[-107.10985504]
[-106.96008859]
[-107.07145113]
[-107.09567306]
[-106.85083903]
[-106.96980821]
[-106.97525533]
[-107.01742783]
[-107.00410832]
[-107.06714633]
[-107.0070612]
[-106.81475838]
[-107.08477015]
[-107.08546357]
[-107.00780541]
[-107.14772132]
[-106.96518111]
[-106.92042192]
[-106.99597415]
[-107.03187869]
[-107.10035122]
[-107.16299485]
[-107.06949991]
[-107.13154933]
[-107.06817404]
[-107.03215908]
[-107.05963314]
[-107.03283122]
[-106.98953962]
[-107.11296756]
[-106.94935598]
[-107.10172045]
[-106.92672696]
[-107.04001409]
[-106.87415416]
[-107.14469238]
[-107.11587903]
[-107.02553078]
[-107.12479194]
[-106.99600775]
[-107.04292117]
[-106.99156027]
[-107.07009349]
[-106.92077517]
[-106.98807428]
[-107.02574588]
[-107.1273439]
[-107.10115473]
[-107.06870714]
[-107.06807077]
[-106.99590468]
[-107.11494859]
[-107.18431594]
[-107.16481742]
[-107.11307451]
[-107.03701734]
[-107.12142857]
[-107.05882619]
[-107.11232842]
[-107.03643976]
[-107.02784629]
[-107.12539129]
[-107.00453182]
[-106.9936986]
[-107.14300075]
[-107.01434293]
[-107.10681603]
[-107.11900751]
[-107.03342583]
[-107.1748168]
[-107.01244595]
[-107.0144884]
[-107.02437122]
[-107.15098749]
[-107.1034036]
[-106.96852671]
[-107.03724362]
[-107.08945277]
[-107.02433498]
[-107.02618335]
[-107.08500501]
[-107.11064801]
[-107.080875]
[-107.15505441]
[-107.0895102]
[-107.08704163]
[-107.01389331]
[-106.99247701]
[-107.14074155]
[-107.08566843]
[-107.01858538]
[-106.99982787]
[-107.13161084]
[-107.05661901]
[-106.99879709]
[-107.00087086]
[-107.11464666]
[-107.02264587]
[-106.97954566]
[-106.96571215]
[-106.80290618]
[-107.03462524]
[-107.02324292]
[-107.07101846]
[-107.04032335]
[-107.06733035]
[-107.16318442]
[-107.05136008]
[-106.79584249]
[-107.10247812]
[-107.16576985]
[-106.93107672]
[-107.06234813]
[-107.11615725]
[-107.014032]
[-107.09238315]
[-107.09392742]
[-107.06090921]
[-107.03164585]
[-107.13209112]
[-107.04746705]
[-107.01468503]
[-107.08220451]
[-107.05189974]
[-107.05645727]
[-107.13128715]
[-107.10023585]
[-107.120023]
[-106.96451402]
[-107.12966593]
[-106.9510183]
[-107.16899476]
[-107.02195937]
[-107.09026965]
[-107.11762974]
[-107.09121695]
[-107.07642903]
[-106.96891032]
[-107.03595906]
[-107.03617287]
[-107.18027015]
[-107.01213261]
[-107.15997423]
[-106.94537677]
[-107.12678138]
[-106.87111117]
[-106.95393276]
[-107.04804595]
[-106.95784147]
[-107.06770505]
[-106.9944971]
[-107.11493718]
[-107.06436033]
[-106.95134732]
[-106.67554271]
[-107.12455579]
[-107.11524464]
[-107.0666279]
[-106.94230624]
[-107.07836898]
[-107.06552991]
[-107.05516]
[-107.05953695]
[-107.06346226]
[-107.05077072]
[-106.95724527]
[-106.9673126]
[-107.02466368]
[-107.0382745]
[-107.05208767]
[-107.0274343]
[-107.13555558]
[-107.04463228]
[-107.05139967]
[-107.08126892]
[-107.06197634]
[-107.00287916]
[-106.9560774]
[-107.14280737]
[-107.09125849]
[-107.13428467]
[-107.01145631]
[-107.09096026]
[-106.98281775]
[-107.06865403]
[-107.08127759]
[-107.14424168]
[-107.04005124]
[-107.10407688]
[-107.0084603]
[-107.07118301]
[-106.93732972]
[-106.94243089]
[-107.1327467]
[-106.68453638]
[-107.09008346]
[-107.01001692]
[-106.95716001]
[-107.08861669]
[-106.99172294]
[-107.00957338]
[-107.02238406]
[-107.03179589]
[-107.01987383]
[-107.07191197]
[-107.08089167]
[-107.04259027]
[-107.10040334]
[-107.16102868]
[-107.04248499]
[-107.16009491]
[-106.85486806]
[-107.03733675]
[-107.12651456]
[-107.00655413]
[-107.0003901]
[-107.01026102]
[-107.18362706]
[-106.9611689]
[-107.10500662]
[-106.99942003]
[-107.07603346]
[-106.9815072]
[-107.15941098]
[-107.18215978]
[-107.11706762]
[-106.99719302]
[-107.04855459]
[-107.15436047]
[-107.0989757]
[-106.98524425]
[-107.17696355]
[-107.11401673]
[-106.96153515]
[-106.9820389]
[-107.12190872]
[-106.98906264]
[-106.91072264]
[-107.0762753]
