[-106.59612897]
[-106.60908939]
[-106.58249595]
[-106.61711271]
[-106.54012143]
[-106.64928684]
[-106.59110928]
[-106.48504921]
[-106.58084819]
[-106.63099854]
[-106.65700411]
[-106.52524468]
[-106.66670005]
[-106.59627738]
[-106.64061582]
[-106.51986253]
[-106.23548037]
[-106.56362009]
[-106.65745167]
[-106.59502593]
[-106.46435188]
[-106.52493534]
[-106.61314109]
[-106.65549904]
[-106.76402577]
[-106.68656209]
[-106.67138832]
[-106.69171682]
[-106.59039498]
[-106.55376992]
[-106.62508474]
[-106.54230964]
[-106.6448614]
[-106.71674049]
[-106.66874088]
[-106.7142747]
[-106.6301064]
[-106.65909348]
[-106.72657501]
[-106.6412386]
[-106.71389708]
[-106.65170795]
[-106.62357655]
[-106.64052018]
[-106.6546062]
[-106.5548459]
[-106.66976425]
[-106.64947198]
[-106.6477183]
[-106.36267791]
[-106.64786876]
[-106.64240859]
[-106.60408439]
[-106.60710886]
[-106.60299155]
[-106.56036701]
[-106.62130484]
[-106.28620371]
[-106.60879089]
[-106.6250832]
[-106.31215321]
[-106.4462348]
[-106.50308908]
[-106.57684853]
[-106.6496756]
[-106.57495974]
[-106.5670431]
[-106.59281691]
[-106.5220224]
[-106.57688681]
[-106.6590728]
[-106.61312589]
[-106.63764669]
[-106.66325997]
[-106.77839498]
[-106.68730794]
[-106.55182398]
[-106.67563876]
[-106.57102845]
[-106.70630425]
[-106.31556486]
[-106.62904451]
[-106.70892483]
[-106.65729513]
[-106.64943885]
[-106.75568369]
[-106.67955405]
[-106.60993604]
[-106.60456144]
[-106.70187378]
[-106.65790281]
[-106.64705836]
[-106.66925617]
[-106.6147124]
[-106.70930155]
[-106.6393043]
[-106.67513251]
[-106.58494235]
[-106.64849019]
[-106.64855561]
[-106.66372459]
[-106.69262632]
[-106.63511134]
[-106.64402944]
[-106.61638896]
[-106.64929154]
[-106.66333085]
[-106.6126145]
[-106.63622817]
[-106.61115437]
[-106.66907061]
[-106.6296307]
[-106.64981537]
[-106.69263637]
[-106.69706542]
[-106.60688534]
[-106.68116004]
[-106.56004926]
[-106.59545902]
[-106.65413073]
[-106.65888329]
[-106.69691518]
[-106.59941759]
[-106.68650586]
[-106.66467456]
[-106.68405401]
[-106.73498572]
[-106.36682602]
[-106.64681722]
[-106.67301209]
[-106.65482531]
[-106.59039322]
[-106.64694382]
[-106.60144173]
[-106.29721264]
[-106.6728473]
[-106.60470047]
[-106.62315183]
[-106.71444652]
[-106.65144319]
[-106.7127281]
[-106.55097731]
[-106.67033118]
[-106.33092133]
[-106.62943959]
[-106.6816248]
[-106.67310911]
[-106.33192172]
[-106.60029357]
[-106.68116171]
[-106.56595729]
[-106.514291]
[-106.38705996]
[-106.64379927]
[-106.70978306]
[-106.60381652]
[-106.56082108]
[-106.59336954]
[-106.65273046]
[-106.66054832]
[-106.57324474]
[-106.69267286]
[-106.69141269]
[-106.67588367]
[-106.63476158]
[-106.68028881]
[-106.6034901]
[-106.59603724]
[-106.76602498]
[-106.66898154]
[-106.63787083]
[-106.67089892]
[-106.56062546]
[-106.64692875]
[-106.5283688]
[-106.58252217]
[-106.62439173]
[-106.58275151]
[-106.36991156]
[-106.63177859]
[-106.61290928]
[-106.67208863]
[-106.65165148]
[-106.6311366]
[-106.72164779]
[-106.6433519]
[-106.63706517]
[-106.68582115]
[-106.51507827]
[-106.62132161]
[-106.6202431]
[-106.69922539]
[-106.66965703]
[-106.65531119]
[-106.59898553]
[-106.66160789]
[-106.50281892]
[-106.63128856]
[-106.63904353]
[-106.65160836]
[-106.6170078]
[-106.57489406]
[-106.5617604]
[-106.67956307]
[-106.6492794]
[-106.67005328]
[-106.67551415]
[-106.642254]
[-106.64726905]
[-106.6807628]
[-106.72607395]
[-106.53520057]
[-106.6304494]
[-106.58548884]
[-106.66964297]
[-106.70757807]
[-106.39391997]
[-106.62104733]
[-106.58678127]
[-106.66224752]
[-106.71562114]
[-106.54187536]
[-106.6372306]
[-106.64564982]
[-106.61930321]
[-106.44300843]
[-106.70303974]
[-106.65167525]
[-106.62868539]
[-106.63623237]
[-106.57912591]
[-106.63576607]
[-106.62839714]
[-106.43425463]
[-106.60295522]
[-106.68944109]
[-106.54998605]
[-106.70075749]
[-106.64304907]
[-106.41497064]
[-106.64677711]
[-106.57469675]
[-106.61839087]
[-106.55411792]
[-106.6891856]
[-106.65258303]
[-106.47823447]
[-106.63408675]
[-106.66190351]
[-106.64610227]
[-106.65488762]
[-106.68470185]
[-106.56387005]
[-106.79684012]
[-106.41048781]
[-106.5955408]
[-106.63222798]
[-106.65685285]
[-106.62737881]
[-106.63788389]
[-106.42485171]
[-106.57783924]
[-106.69096722]
[-106.50685923]
[-106.75543547]
[-106.52664031]
[-106.7019977]
[-106.68201052]
[-106.42284244]
[-106.69542931]
[-106.60817217]
[-106.61361313]
[-106.66996615]
[-106.40789604]
[-106.42656602]
[-106.6517124]
[-106.64253263]
[-106.5717767]
[-106.70024836]
[-106.70457496]
[-106.65426214]
[-106.66228496]
[-106.64620291]
[-106.57403586]
[-106.65078761]
[-106.64432183]
[-106.67091763]
[-106.74147807]
[-106.62401989]
[-106.3950569]
[-106.63308679]
[-106.66782706]
[-106.67079479]
[-106.67749561]
[-106.60497942]
[-106.66244593]
[-106.70227031]
[-106.73236121]
[-106.6475597]
[-106.64176744]
[-106.58999317]
[-106.65414529]
[-106.65169562]
[-106.63503683]
[-106.71386984]
[-106.61472946]
[-106.58687024]
[-106.61694978]
[-106.72209649]
[-106.51601561]
[-106.6130862]
[-106.44975543]
[-106.64302757]
[-106.71406174]
[-106.70105076]
[-106.63331869]
[-106.59174197]
[-106.64656517]
[-106.58582486]
[-106.49509181]
[-106.49129706]
[-106.50013682]
[-106.70562279]
[-106.43296232]
[-106.49321696]
[-106.52729896]
[-106.67305238]
[-106.59797914]
[-106.63796872]
[-106.48936003]
[-106.65274932]
[-106.7187971]
[-106.67325209]
[-106.71038346]
[-106.75058537]
[-106.54068661]
[-106.61246659]
[-106.58513363]
[-106.66212445]
[-106.65767856]
[-106.59563034]
[-106.72071647]
[-106.6213113]
[-106.66193895]
[-106.71372211]
[-106.66809335]
[-106.71169854]
[-106.52118253]
[-106.53862514]
[-106.66760098]
[-106.62453144]
[-106.6553384]
[-106.66722933]
[-106.47360084]
[-106.54796596]
[-106.73568279]
[-106.70402747]
[-106.62968168]
[-106.49814956]
[-106.58172971]
[-106.65120594]
[-106.59478813]
[-106.66922211]
[-106.6312761]
[-106.61177796]
[-106.72326769]
[-106.73217298]
[-106.53517199]
[-106.62783683]
[-106.66330933]
[-106.63973784]
[-106.68090824]
[-106.60969247]
[-106.56956248]
[-106.72129562]
[-106.61479012]
[-106.37825267]
[-106.61248016]
[-106.65441042]
[-106.73024665]
[-106.64964043]
[-106.6359511]
[-106.64687285]
[-106.65779061]
[-106.63141452]
[-106.62331736]
[-106.62978107]
[-106.56877101]
[-106.65370035]
[-106.59505363]
[-106.70703876]
[-106.57708928]
[-106.62249196]
[-106.2782626]
[-106.71306268]
[-106.65418972]
[-106.66502167]
[-106.41670449]
[-106.67127161]
[-106.65080166]
[-106.65928061]
[-106.75923372]
[-106.66166066]
[-106.49153928]
[-106.63418258]
[-106.60699495]
[-106.66598353]
[-106.4567909]
[-106.53018934]
[-106.69510354]
[-106.63974039]
[-106.63167785]
[-106.70890415]
[-106.568562]
[-106.25115367]
[-106.67473041]
[-106.60370239]
[-106.64777519]
[-106.71099866]
[-106.60654877]
[-106.52891898]
[-106.59946755]
[-106.69129778]
[-106.71842722]
[-106.68200869]
[-106.69574173]
[-106.4423133]
[-106.70851452]
[-106.06011925]
[-106.66896978]
[-106.70051282]
[-106.39107619]
[-106.62598256]
[-106.67812518]
[-106.50459422]
[-106.6086588]
[-106.59770276]
[-106.65372168]
[-106.68402971]
[-106.64321931]
[-106.64578113]
[-106.68557328]
[-106.64656975]
[-106.59617751]
[-106.71672726]
[-106.72369707]
[-106.63567931]
[-106.63350834]
[-106.64813134]
[-106.49151639]
[-106.61038209]
[-106.63958962]
[-106.64310529]
[-106.65138727]
[-106.63660728]
[-106.6050515]
[-106.60207808]
[-106.61978314]
[-106.67987176]
[-106.59147992]
[-106.5338048]
[-106.65433228]
[-106.67376953]
[-106.64118238]
[-106.67634683]
[-106.63755204]
[-106.69406756]
[-106.61654131]
[-106.64857566]
[-106.68327143]
[-106.5734308]
[-106.66893729]
[-106.58574652]
[-106.47559026]
[-106.60200608]
[-106.71794293]
[-106.6834913]
[-106.56936522]
[-106.58562976]
[-106.65666266]
[-106.72514557]
[-106.63716379]
[-106.64709749]
[-106.76222224]
[-106.74633621]
[-106.69362127]
[-106.58980219]
[-106.52530153]
[-106.67024259]
[-106.61296128]
[-106.64663945]
[-106.68655409]
[-106.68150267]
[-106.59339461]
[-106.62016978]
[-106.62076638]
[-106.72447862]
[-106.61764206]
[-106.6162866]
[-106.70528921]
[-106.63745041]
[-106.47088382]
[-106.62896869]
[-106.52796128]
[-106.58129014]
[-106.6076812]
[-106.52921993]
[-106.66142415]
[-106.56526948]
[-106.67261997]
[-106.67023363]
[-106.65288455]
[-106.68994844]
[-106.71715498]
[-106.33632891]
[-106.46196852]
[-106.60938647]
[-106.51278538]
[-106.71320201]
[-106.62925736]
[-106.69228213]
[-106.47690684]
[-106.63817738]
[-106.59504793]
[-106.61854928]
[-106.69482481]
[-106.7075216]
[-106.69639499]
[-106.61608283]
[-106.63985468]
[-106.65516983]
[-106.60227982]
[-106.47250499]
[-106.62245483]
[-106.67861793]
[-106.72839607]
[-106.62680317]
[-106.67880253]
[-106.60421152]
[-106.69895174]
[-106.74855332]
[-106.63843574]
[-106.54572732]
[-106.71076202]
[-106.69612033]
[-106.67706686]
[-106.57600351]
[-106.64431137]
[-106.50740801]
[-106.66289075]
[-106.60316365]
[-106.59344249]
[-106.68149764]
[-106.62421668]
[-106.66223749]
[-106.62875935]
[-106.56482755]
[-106.64391901]
[-106.60720369]
[-106.67254685]
[-106.63691747]
[-106.62795725]
[-106.49987952]
[-106.51358459]
[-106.68860108]
[-106.66132327]
[-106.71356407]
[-106.67447559]
[-106.57595482]
[-106.72643302]
[-106.62123702]
[-106.69189883]
[-106.66522769]
[-106.60726367]
[-106.66051778]
[-106.65790196]
[-106.60923797]
[-106.65997309]
[-106.58425858]
[-106.67296717]
[-106.66205091]
[-106.70708632]
[-106.68094811]
[-106.64707965]
[-106.73806496]
[-106.48182477]
[-106.68159858]
[-106.31924859]
[-106.66932302]
[-106.69094055]
[-106.71918587]
[-106.6774015]
[-106.4753617]
[-106.60334327]
[-106.67759248]
[-106.63797381]
[-106.73042534]
[-106.6268505]
[-106.63266212]
[-106.70494462]
[-106.64424738]
[-106.74383144]
[-106.62707503]
[-106.73660306]
[-106.63217184]
[-106.53479765]
[-106.6348241]
[-106.59488652]
[-106.59267122]
[-106.63875694]
[-106.64724866]
[-106.56902373]
[-106.6319004]
[-106.63977109]
[-106.53803789]
[-106.62898372]
[-106.69686946]
[-106.68646598]
[-106.50819003]
[-106.62124238]
[-106.65947156]
[-106.63229007]
[-106.57113868]
[-106.59109173]
[-106.62890696]
[-106.68270054]
[-106.65452461]
[-106.35493428]
[-106.51996543]
[-106.37511803]
[-106.64229515]
[-106.66306512]
[-106.66973378]
[-106.65315498]
[-106.60351847]
[-106.66565815]
[-106.62701305]
[-106.48889495]
[-106.62411152]
[-106.53529603]
[-106.65049048]
[-106.7553984]
[-106.68274788]
[-106.59726865]
[-106.64224837]
[-106.59450824]
[-106.59995456]
[-106.70929192]
[-106.62297937]
[-106.36825943]
[-106.69406397]
[-106.60114744]
[-106.58466489]
[-106.34286516]
[-106.58260194]
[-106.64793484]
[-106.65034239]
[-106.65763641]
[-106.68770276]
[-106.67023152]
[-106.64873904]
[-106.73580294]
[-106.59270225]
[-106.64862099]
[-106.68952664]
[-106.71451343]
[-106.6052352]
[-106.69870799]
[-106.61900897]
[-106.66823525]
[-106.5236243]
[-106.64440161]
[-106.60313507]
[-106.67812887]
[-106.68259185]
[-106.37598634]
[-106.55783362]
[-106.66398899]
[-106.62801059]
[-106.66861516]
[-106.68613385]
[-106.67062685]
[-106.63158235]
[-106.3197833]
[-106.63633798]
[-106.64065575]
[-106.62492823]
[-106.72134523]
[-106.59054276]
[-106.76454069]
[-106.62658806]
[-106.69814466]
[-106.50147504]
[-106.61054113]
[-106.67226036]
[-106.75967745]
[-106.63689053]
[-106.70437584]
[-106.64965292]
[-106.67252342]
[-106.68320213]
[-106.5816856]
[-106.58807103]
[-106.64539111]
[-106.6531613]
[-106.64048779]
[-106.48624605]
[-106.62500761]
[-106.41998588]
[-106.70045609]
[-106.62421458]
[-106.61584219]
[-106.68241565]
[-106.65241152]
[-106.6911993]
[-106.62258144]
[-106.64646484]
[-106.59062191]
[-106.71753281]
[-106.67220807]
[-106.71095728]
[-106.61197378]
[-106.72183901]
[-106.6564941]
[-106.38692228]
[-106.63039222]
[-106.69620938]
[-106.39827444]
[-106.66023182]
[-106.5483156]
[-106.71855099]
[-106.69017197]
[-106.69965234]
[-106.60185077]
[-106.31225864]
[-106.6814865]
[-106.64784924]
[-106.63849524]
[-106.54042566]
[-106.55080566]
[-106.69005801]
[-106.66992708]
[-106.62095452]
[-106.71299731]
[-106.55462523]
[-106.56959941]
[-106.75221915]
[-106.70032515]
[-106.70379824]
[-106.55613653]
[-106.64043675]
[-106.68346804]
[-106.54333565]
[-106.61711803]
[-106.62248796]
[-106.68799403]
[-106.68772579]
[-106.68081095]
[-106.6789063]
[-106.56606117]
[-106.57499599]
[-106.41459476]
[-106.68176001]
[-106.69586932]
[-106.68656866]
[-106.50695762]
[-106.60301854]
[-106.47551287]
[-106.50593672]
[-106.53914449]
[-106.64481962]
[-106.65537837]
[-106.66503341]
[-106.73258168]
[-106.67120721]
[-106.68282056]
[-106.4452762]
[-106.54195982]
[-106.59386444]
[-106.60611727]
[-106.37792983]
[-106.52566793]
[-106.57538143]
[-106.67646819]
[-106.61301315]
[-106.43569364]
[-106.5575034]
[-106.69371449]
[-106.64888174]
[-106.66962865]
[-106.60488818]
[-106.59266229]
[-106.53389403]
[-106.64284612]
[-106.60878926]
[-106.62057822]
[-106.62542004]
[-106.64407761]
[-106.62325318]
[-106.62355304]
[-106.69041524]
[-106.66708907]
[-106.64320268]
[-106.63085035]
[-106.57890247]
[-106.59437183]
[-106.65732365]
[-106.41139391]
[-106.58585873]
[-106.64052549]
[-106.59503356]
[-106.36656333]
[-106.6315679]
[-106.61279495]
[-106.62109721]
[-106.56721088]
[-106.61444316]
[-106.62010824]
[-106.66241994]
[-106.65686599]
[-106.55137681]
[-106.68580591]
[-106.62367118]
[-106.62526043]
[-106.63635364]
[-106.41419576]
[-106.58629389]
[-106.45947226]
[-106.57173842]
[-106.61868493]
[-106.65772125]
[-106.51515095]
[-106.70058766]
[-106.61978321]
[-106.56628328]
[-106.58026156]
[-106.76334871]
[-106.66676648]
[-106.58400536]
[-106.63166529]
[-106.53991114]
[-106.64759591]
[-106.64833474]
[-106.45589548]
[-106.68325373]
[-106.54704011]
[-106.68572341]
[-106.64410166]
[-106.69407722]
[-106.52355657]
[-106.61039998]
[-106.62613351]
[-106.53272325]
[-106.61361909]
[-106.60744706]
[-106.57450039]
[-106.45063736]
[-106.58743712]
[-106.4700519]
[-106.3666387]
[-106.63979296]
[-106.57814591]
[-106.61473869]
[-106.56621976]
[-106.63903888]
[-106.54412411]
[-106.71297763]
[-106.62241359]
[-106.48406108]
[-106.60580903]
[-106.61309384]
[-106.62206809]
[-106.46032391]
[-106.60865488]
[-106.58994789]
[-106.67435323]
[-106.55134674]
[-106.64719534]
[-106.6525231]
[-106.64734936]
[-106.62008651]
[-106.66737671]
[-106.69361518]
[-106.4450419]
[-106.63582117]
[-106.54401261]
[-106.61550522]
[-106.63904167]
[-106.72532859]
[-106.5818932]
[-106.1990198]
[-106.60242417]
[-106.49436821]
[-106.65894244]
[-106.72367588]
[-106.60969244]
[-106.59925484]
[-106.66987379]
[-106.72760427]
[-106.59330428]
[-106.63868656]
[-106.34848863]
[-106.47547722]
[-106.65781326]
[-106.54102172]
[-106.61339895]
[-106.65890488]
[-106.56511631]
[-106.55658966]
[-106.49559625]
[-106.52440971]
[-106.65733432]
[-106.45297834]
[-106.64718477]
[-106.58589801]
[-106.34093808]
[-106.60767143]
[-106.68193296]
[-106.69886561]
[-106.59982066]
[-106.65340185]
[-106.73326393]
[-106.67196856]
[-106.66966146]
[-106.6609356]
[-106.6255271]
[-106.56750367]
[-106.59725228]
[-106.51601473]
[-106.57286392]
[-106.55530983]
[-106.62059189]
[-106.67324961]
[-106.62646244]
[-106.34036443]
[-106.5412608]
[-106.59761284]
[-106.62522074]
[-106.60754272]
[-106.61521535]
[-106.62040253]
[-106.64468494]
[-106.6115366]
[-106.63454492]
[-106.35437546]
[-106.60391284]
[-106.51669389]
[-106.42400382]
[-106.45759417]
[-106.70276093]
[-106.52843034]
[-106.6290535]
[-106.57738726]
[-106.48962398]
[-106.52980521]
[-106.61987671]
[-106.60918872]
[-106.61510312]
[-106.70359877]
[-106.52401393]
[-106.44243093]
[-106.66094944]
[-106.68238605]
[-106.46218292]
[-106.71049585]
[-106.57013742]
[-106.56022058]
[-106.6421144]
[-106.64342903]
[-106.4089948]
[-106.6110664]
[-106.63706173]
[-106.40594641]
[-106.6736305]
[-106.67611041]
[-106.59909486]
[-106.69431374]
[-106.6054066]
[-106.50536222]
[-106.59592108]
[-106.5609773]
[-106.67266165]
[-106.64420308]
[-106.59134248]
[-106.64575917]
[-106.64306586]
[-106.65842789]
[-106.69080627]
[-106.7271077]
[-106.57388628]
[-106.42963466]
[-106.62393532]
[-106.54184856]
[-106.64696282]
[-106.7001783]
[-106.63579031]
[-106.6253969]
[-106.65919652]
[-106.69137705]
[-106.61567785]
[-106.68911276]
[-106.72016218]
[-106.65062734]
[-106.70032254]
[-106.64771699]
[-106.70382435]
[-106.66205668]
[-106.64828925]
[-106.66891843]
[-106.5626662]
[-106.71469398]
[-106.55526044]
[-106.732536]
[-106.57224855]
[-106.64117888]
[-106.55614235]
[-106.61783687]
[-106.58599835]
[-106.64447417]
[-106.68841746]
[-106.59723688]
[-106.64155097]
[-106.73088852]
[-106.66850981]
[-106.63155725]
[-106.6672392]
[-106.63378881]
[-106.58965808]
[-106.69050382]
[-106.43797353]
[-106.59946098]
[-106.64117415]
[-106.70237431]
[-106.60617061]
[-106.59125147]
[-106.52099796]
[-106.57194741]
[-106.45976756]
[-104.68276022]
[-106.50379674]
[-106.57306946]
[-106.70213908]
[-106.44449966]
[-106.56689417]
[-106.53552707]
[-106.5537045]
[-106.5573373]
[-106.63482679]
[-106.6937196]
[-106.71175915]
[-106.63948378]
[-106.64022422]
[-106.70613731]
[-106.41479231]
[-106.63653624]
[-106.55249055]
[-106.66445928]
[-106.60382554]
[-106.73280647]
[-106.47682589]
[-106.65899242]
[-106.53312133]
[-106.62500154]
[-106.54887268]
[-106.60819358]
[-106.50905709]
[-106.59035285]
[-106.6250523]
[-106.62365362]
[-106.59184099]
[-106.63714416]
[-106.56672228]
[-106.57048468]
[-106.61317299]
[-106.64101394]
[-106.62584032]
[-106.64069505]
[-106.6247823]
[-106.58369231]
[-106.58964026]
[-106.51369949]
[-106.62954808]
[-106.70978264]
[-106.53946819]
[-106.60913746]
[-106.61286295]
[-106.65682349]
[-106.62377309]
[-106.62990832]
[-106.67211285]
[-106.46751874]
[-106.64268131]
[-106.63236657]
[-106.67868975]
[-106.60412876]
[-106.67430463]
[-106.56945679]
[-106.69341127]
[-106.64868022]
[-106.6298529]
[-106.60306629]
[-106.64739839]
[-106.63011973]
[-106.65508247]
[-106.63261821]
[-106.64680695]
[-106.64048007]
[-106.66507743]
[-106.54769769]
[-106.67017463]
[-106.66339019]
[-106.54162932]
[-106.51840337]
[-106.71943443]
[-106.70890354]
[-106.60635864]
[-106.66996879]
[-106.57884595]
[-106.600458]
[-106.73273305]
[-106.65117339]
[-106.66403656]
[-106.65471908]
[-106.5489156]
[-106.72446993]
[-106.70661108]
[-106.6599288]
[-106.67520911]
[-106.68757102]
[-106.36603969]
[-106.61297004]
[-106.51650636]
[-106.4069024]
[-106.2794054]
[-106.69302723]
[-106.58075782]
[-106.70054718]
[-106.48751441]
[-106.65292567]
[-106.64086954]
[-106.65724582]
[-106.62049088]
[-106.56451754]
[-106.65550893]
[-106.73351162]
[-106.65924881]
[-106.62421753]
[-106.59755982]
[-106.6617613]
[-106.66216975]
[-106.45071962]
[-106.61565561]
[-106.73417691]
[-106.63359666]
[-106.6879596]
[-106.60920113]
[-106.68590964]
[-106.55685715]
[-106.64748259]
[-106.64870285]
[-106.60741027]
[-106.403139]
[-106.63527842]
[-106.53084694]
[-106.66135876]
[-106.65413216]
[-106.65917383]
[-106.63400331]
[-106.6644714]
[-106.63005057]
[-106.64206635]
[-106.61461957]
[-106.61059645]
[-106.70684446]
[-106.62656457]
[-106.69354559]
[-105.8095263]
[-106.53101515]
[-106.67491422]
[-106.62879925]
[-106.61782393]
[-106.66901529]
[-106.62692483]
[-106.65401951]
[-106.58673163]
[-106.59548544]
[-106.63779887]
[-106.64264742]
[-106.46815181]
[-106.63493671]
[-106.66490042]
[-106.66708438]
[-106.57777363]
[-106.59774514]
[-106.64188243]
[-106.67340037]
[-106.65815947]
[-106.68580868]
[-106.66046001]
[-106.6915608]
