[-114.31713869]
[-114.2533362]
[-113.74959475]
[-114.3099149]
[-114.30246517]
[-114.41208836]
[-114.10342747]
[-113.2752336]
[-113.69703622]
[-113.77206809]
[-114.35762309]
[-112.76032124]
[-114.3395712]
[-114.40466986]
[-114.43249798]
[-114.32922045]
[-114.19361866]
[-114.35911308]
[-114.09224378]
[-114.44356021]
[-114.1684022]
[-113.70433935]
[-114.40104765]
[-114.34487043]
[-113.81552207]
[-114.16943031]
[-114.49401715]
[-114.30564333]
[-114.35184524]
[-114.40283909]
[-114.24976216]
[-114.37166733]
[-114.4056404]
[-114.22165456]
[-114.23778627]
[-114.43912288]
[-114.19165355]
[-114.35586263]
[-114.30156262]
[-114.40335621]
[-113.95791918]
[-113.66805213]
[-114.4331315]
[-114.3516239]
[-114.44057777]
[-114.50344701]
[-112.29457039]
[-114.32631788]
[-114.32630973]
[-114.40390486]
[-114.39274417]
[-114.4634011]
[-114.11096404]
[-114.2361448]
[-114.19578959]
[-114.23716007]
[-114.3761183]
[-114.1935127]
[-114.60164803]
[-114.33740131]
[-114.35880942]
[-114.2814434]
[-114.31523809]
[-114.47277369]
[-114.29711393]
[-114.27361893]
[-114.44363259]
[-114.39545655]
[-114.45001023]
[-114.2473082]
[-114.47740347]
[-114.47422715]
[-114.34084624]
[-114.11105222]
[-114.43596018]
[-113.86120041]
[-114.40454465]
[-113.75597302]
[-113.84098353]
[-114.34489925]
[-114.34060915]
[-114.33946781]
[-114.50323132]
[-114.29177416]
[-114.47161394]
[-114.55240445]
[-114.28829113]
[-114.45298979]
[-114.210603]
[-114.25637711]
[-114.51484274]
[-114.28661075]
[-114.41666647]
[-114.01247128]
[-114.31490475]
[-114.01658341]
[-113.73732755]
[-114.29156917]
[-114.20736893]
[-113.8285676]
[-114.08004028]
[-114.49154471]
[-114.4109956]
[-114.43383019]
[-114.29447731]
[-114.27662639]
[-114.48236241]
[-114.37558757]
[-113.86293442]
[-114.2447741]
[-114.50388254]
[-114.31290899]
[-113.63686849]
[-114.30471177]
[-114.27993433]
[-113.89868723]
[-114.3179826]
[-114.2161101]
[-114.34285147]
[-114.46523264]
[-114.17207097]
[-113.58869748]
[-114.3726644]
[-114.37332752]
[-114.36506192]
[-113.99312834]
[-113.92080854]
[-114.39452354]
[-114.05574434]
[-114.42146902]
[-114.44330394]
[-114.3087304]
[-114.44816822]
[-114.39737377]
[-113.75640505]
[-114.39321593]
[-114.13553149]
[-114.49561281]
[-114.12075452]
[-114.3604571]
[-114.53778578]
[-114.37645218]
[-114.29679354]
[-114.46292542]
[-114.49569506]
[-114.43930278]
[-114.49803663]
[-114.15131087]
[-114.28285996]
[-114.19900419]
[-114.20667376]
[-114.48217428]
[-114.48162173]
[-114.16027161]
[-114.44528569]
[-114.1181865]
[-114.34833361]
[-114.18905702]
[-114.31973598]
[-114.29133567]
[-113.04156164]
[-114.35181901]
[-114.21987144]
[-114.29914924]
[-114.13040163]
[-114.21770647]
[-114.36395091]
[-114.22572975]
[-113.57845277]
[-114.44834069]
[-114.39440182]
[-114.37128521]
[-114.4649229]
[-114.21163168]
[-114.29527845]
[-113.94195111]
[-114.1157879]
[-113.83047729]
[-113.68676063]
[-114.4382247]
[-114.30552717]
[-114.43590343]
[-114.41354197]
[-114.46998989]
[-114.5028096]
[-114.52653472]
[-114.44403819]
[-113.34805918]
[-114.43343385]
[-114.51561746]
[-113.70517998]
[-114.40794957]
[-113.69072337]
[-114.34493304]
[-114.32520769]
[-113.77465507]
[-114.37450725]
[-111.92249496]
[-114.38725985]
[-114.06124808]
[-114.29746147]
[-113.48587986]
[-114.16739407]
[-114.39591696]
[-114.34871415]
[-113.30164418]
[-114.20862465]
[-114.23739252]
[-114.33122937]
[-114.28501132]
[-114.35589643]
[-114.45180225]
[-114.31274944]
[-114.17412643]
[-114.1602939]
[-114.21835276]
[-114.25140472]
[-114.36944992]
[-113.55379977]
[-114.35144245]
[-113.27843628]
[-113.28969816]
[-113.50852023]
[-114.34681957]
[-114.32178833]
[-114.42715642]
[-113.79600475]
[-114.43887797]
[-114.29696156]
[-114.33157963]
[-114.28210486]
[-114.42016613]
[-114.49818188]
[-114.36068951]
[-114.49205102]
[-114.01367989]
[-114.29470191]
[-114.34948325]
[-114.33901293]
[-113.15472997]
[-114.28927126]
[-114.24898174]
[-114.49516528]
[-114.42217091]
[-114.30867302]
[-114.33380999]
[-114.34883572]
[-114.59500524]
[-114.03893631]
[-114.54486105]
[-114.54180449]
[-114.39932548]
[-114.37681861]
[-114.39175949]
[-114.48478229]
[-114.30080234]
[-114.45126948]
[-114.27396519]
[-112.8857564]
[-112.5473193]
[-113.20994255]
[-114.15215714]
[-114.54449406]
[-114.1497305]
[-114.19889827]
[-113.99853442]
[-114.40475309]
[-113.70119314]
[-114.19254618]
[-114.32251684]
[-114.41202897]
[-114.45430201]
[-114.39774123]
[-114.46753413]
[-114.29016685]
[-113.77502131]
[-113.41215302]
[-113.76465514]
[-114.40868673]
[-114.32072548]
[-114.32149696]
[-114.54727147]
[-113.96646069]
[-114.1847109]
[-114.35856481]
[-114.46600545]
[-113.79329713]
[-113.83721279]
[-114.2003814]
[-114.22349773]
[-114.0807642]
[-114.39608401]
[-114.18166346]
[-113.8600548]
[-113.5905696]
[-114.34272136]
[-114.44087378]
[-114.2380041]
[-114.46175454]
[-114.15443874]
[-114.33250343]
[-114.20380898]
[-114.2518079]
[-113.24754216]
[-114.24837292]
[-114.26162632]
[-114.38158584]
[-114.00617082]
[-114.50037406]
[-114.3877989]
[-114.4620946]
[-114.33080032]
[-114.35575705]
[-113.72189742]
[-114.33499233]
[-114.38155086]
[-114.37723572]
[-113.78085984]
[-114.09307782]
[-114.3894693]
[-114.11017569]
[-114.33991242]
[-114.19777722]
[-114.34378298]
[-114.46127891]
[-114.39653773]
[-113.82443627]
[-114.40524825]
[-114.18391066]
[-114.37218516]
[-114.24130685]
[-114.3871326]
[-114.44324758]
[-114.27664736]
[-114.54388264]
[-114.15479231]
[-113.71691386]
[-114.43367132]
[-114.1509134]
[-114.29767564]
[-114.05493686]
[-114.40348814]
[-114.32176383]
[-113.89187051]
[-114.18512232]
[-114.27949597]
[-114.42102941]
[-114.34503406]
[-114.51783407]
[-114.45144414]
[-114.40814317]
[-114.29587831]
[-114.34681308]
[-114.12392251]
[-114.41007943]
[-114.32121121]
[-113.79576977]
[-114.45735597]
[-114.3674137]
[-114.44673485]
[-114.28986295]
[-114.329424]
[-114.11945382]
[-114.3852674]
[-114.51937095]
[-114.44777]
[-114.45700476]
[-114.26237751]
[-114.45605612]
[-114.43639827]
[-114.48442172]
[-114.32945318]
[-114.23641376]
[-114.13561004]
[-114.39544568]
[-113.86428961]
[-114.48755385]
[-114.54619383]
[-114.49815676]
[-114.37587169]
[-114.19834522]
[-114.17415013]
[-114.35998822]
[-114.35599065]
[-114.45120536]
[-114.20151324]
[-114.06963011]
[-114.31886682]
[-114.29858272]
[-113.33605161]
[-114.00286317]
[-114.34154629]
[-114.2684327]
[-114.46017642]
[-113.00584246]
[-114.36146612]
[-114.21536986]
[-114.34660473]
[-114.35445963]
[-114.4805966]
[-113.98089323]
[-114.45228683]
[-114.39705059]
[-114.36677632]
[-114.49864328]
[-114.28732227]
[-114.48282354]
[-114.43548809]
[-114.37961168]
[-114.52378377]
[-113.19932737]
[-114.30421642]
[-114.31711858]
[-114.22579656]
[-114.40072783]
[-114.52606978]
[-114.36759989]
[-114.13004281]
[-114.43584268]
[-114.22552127]
[-113.47824779]
[-114.17275407]
[-114.29018084]
[-114.45431323]
[-113.88967536]
[-114.39030114]
[-114.43671718]
[-114.3979442]
[-114.36426864]
[-114.14767726]
[-114.42950481]
[-114.25570676]
[-114.24029682]
[-114.33729275]
[-114.34990275]
[-114.43431126]
[-114.39004817]
[-110.45912782]
[-114.42386514]
[-114.34691349]
[-114.51861944]
[-114.19697329]
[-114.3640199]
[-114.37244543]
[-114.46241235]
[-114.32540743]
[-114.21920901]
[-114.53033932]
[-114.32855842]
[-114.21057927]
[-114.37999144]
[-114.49951032]
[-114.31959346]
[-114.22977579]
[-114.32057407]
[-114.49968664]
[-114.39520192]
[-114.24961984]
[-114.29770463]
[-114.5874249]
[-114.38476697]
[-114.33531884]
[-114.07092017]
[-114.47155839]
[-114.07385064]
[-114.53866656]
[-114.21899989]
[-114.42176118]
[-114.36549545]
[-114.34622888]
[-114.24453964]
[-114.30729755]
[-113.2060223]
[-114.48276449]
[-114.42610897]
[-114.40202388]
[-114.32254012]
[-114.46246725]
[-114.39024179]
[-114.17432866]
[-114.40285475]
[-113.87947711]
[-114.50854634]
[-113.40748909]
[-114.11750355]
[-113.58879426]
[-114.13332517]
[-112.77461471]
[-114.35477382]
[-114.41912012]
[-114.39210996]
[-114.30638167]
[-114.4130695]
[-114.42933332]
[-114.40823406]
[-114.51710602]
[-114.17640697]
[-114.28397692]
[-114.27068865]
[-114.39688768]
[-114.43031792]
[-114.55410755]
[-114.01815149]
[-113.75297054]
[-114.2817332]
[-113.58735792]
[-113.77977717]
[-114.35685904]
[-114.2935343]
[-114.09496839]
[-114.29476437]
[-114.38936121]
[-114.12261399]
[-114.38645325]
[-114.27398741]
[-114.2388191]
[-114.15543435]
[-113.59621287]
[-114.28394579]
[-114.44380417]
[-114.33600332]
[-114.18783655]
[-114.41641806]
[-114.42881488]
[-114.41741079]
[-114.35175962]
[-114.43373691]
[-113.95574924]
[-114.3732402]
[-113.98329776]
[-114.26514022]
[-114.22179043]
[-114.27031398]
[-114.36285741]
[-114.00295772]
[-113.53270214]
[-114.36877606]
[-114.34752111]
[-113.3511679]
[-114.38336313]
[-114.22940883]
[-114.43894834]
[-114.24745913]
[-114.40509577]
[-113.93983658]
[-114.46974337]
[-114.35339451]
[-114.01543702]
[-114.31060593]
[-114.401795]
[-114.23709532]
[-114.42330967]
[-114.29025581]
[-114.42264083]
[-114.57212584]
[-114.43292294]
[-113.77841468]
[-114.21823876]
[-114.21480441]
[-114.50883124]
[-114.50228898]
[-114.39135797]
[-113.43113393]
[-114.39542549]
[-114.47516196]
[-113.145363]
[-113.60418294]
[-114.47768056]
[-114.38344372]
[-114.33684709]
[-113.88683386]
[-114.48735321]
[-114.37643883]
[-112.64764674]
[-114.28577281]
[-114.46266511]
[-113.93149681]
[-114.17299804]
[-114.34934595]
[-114.32524331]
[-113.82937361]
[-114.54324028]
[-114.37197418]
[-114.51269946]
[-114.43169866]
[-113.91250211]
[-114.39385576]
[-114.41893554]
[-114.33120136]
[-112.76926051]
[-114.07590481]
[-114.10397513]
[-114.53701846]
[-114.53834808]
[-114.28365801]
[-114.18566028]
[-114.34728073]
[-114.40678513]
[-114.43077771]
[-114.41861943]
[-114.46735699]
[-114.20387355]
[-114.20345943]
[-114.20803962]
[-114.41038892]
[-113.26233915]
[-114.35164506]
[-114.31968812]
[-114.46780401]
[-114.40324845]
[-114.27879003]
[-114.42277012]
[-114.48035884]
[-114.03536885]
[-114.41419985]
[-114.20129639]
[-114.30472088]
[-114.20164402]
[-114.37955584]
[-113.20924211]
[-114.31381079]
[-114.09514261]
[-113.55206986]
[-114.39670119]
[-114.03008777]
[-111.85125272]
[-114.44311087]
[-114.35210654]
[-114.51484941]
[-114.45254704]
[-113.77789259]
[-114.14734145]
[-114.26713737]
[-114.37335424]
[-114.41783017]
[-114.43761661]
[-114.44402199]
[-114.23850061]
[-114.13390921]
[-114.34708122]
[-114.00407111]
[-113.77680363]
[-114.40306089]
[-114.31831296]
[-114.55157899]
[-114.21779152]
[-114.36474877]
[-114.29436315]
[-114.38918767]
[-114.33669721]
[-114.27478419]
[-114.01324742]
[-114.38563542]
[-114.42446404]
[-114.19160921]
[-114.42093012]
[-113.39348662]
[-114.29105437]
[-113.70493575]
[-114.14302287]
[-113.43164889]
[-110.18926002]
[-114.14263117]
[-114.32744658]
[-114.19978666]
[-112.43801208]
[-114.49884219]
[-114.36056697]
[-114.34824646]
[-114.35483513]
[-114.31756635]
[-114.3092451]
[-114.29022883]
[-114.47637199]
[-114.31860089]
[-114.41123419]
[-114.15547814]
[-114.50900292]
[-114.17230629]
[-114.50443397]
[-114.34101188]
[-114.30166341]
[-114.22208861]
[-114.34970507]
[-114.4019284]
[-114.19566836]
[-114.4396008]
[-114.47088358]
[-113.60020967]
[-114.30014083]
[-114.19977484]
[-114.59130591]
[-114.41214116]
[-114.22879269]
[-114.28241069]
[-113.92437166]
[-114.11298741]
[-114.21026467]
[-114.37138021]
[-114.30512003]
[-114.45102834]
[-114.40645539]
[-114.48881715]
[-114.31662271]
[-114.43281154]
[-114.34663084]
[-114.41196804]
[-114.42764147]
[-113.85843117]
[-113.71168869]
[-114.39103417]
[-114.3735049]
[-114.46658929]
[-114.44649758]
[-114.21751492]
[-114.2940771]
[-114.43957159]
[-114.35738137]
[-114.30919356]
[-114.43247181]
[-114.38463423]
[-114.44334222]
[-113.81540669]
[-114.15667673]
[-114.23769437]
[-114.28439789]
[-114.37798592]
[-114.39180935]
[-114.30075384]
[-114.19540005]
[-114.49353442]
[-114.39306085]
[-114.23284457]
[-114.41040506]
[-114.22951818]
[-114.39325248]
[-114.3932177]
[-114.29967923]
[-114.29953025]
[-114.29152041]
[-114.41915185]
[-114.2028852]
[-114.29042604]
[-114.20089836]
[-114.21608008]
[-114.13609626]
[-114.24153911]
[-114.17579049]
[-114.25960721]
[-114.23780913]
[-114.49342993]
[-114.26068877]
[-114.34176195]
[-114.2276471]
[-114.36974525]
[-113.73364666]
[-114.05516276]
[-114.15958038]
[-114.40029269]
[-114.2739108]
[-114.45655723]
[-114.2900836]
[-114.3005899]
[-114.37663702]
[-114.33021621]
[-114.39681368]
[-114.36931576]
[-114.41112553]
[-114.38753715]
[-114.22432022]
[-114.41934707]
[-114.38799526]
[-114.41952879]
[-114.39337981]
[-114.42065385]
[-113.70796253]
[-114.27455423]
[-114.542328]
[-114.45862595]
[-114.44451833]
[-114.44411634]
[-114.16414761]
[-114.54022677]
[-113.40833203]
[-114.31851207]
[-114.39894651]
[-114.32419437]
[-114.04353295]
[-114.44181202]
[-114.40159538]
[-114.41324258]
[-114.49087947]
[-114.28809205]
[-113.73876735]
[-114.2659604]
[-114.37114083]
[-114.31761559]
[-114.43164686]
[-114.43047914]
[-114.48343197]
[-113.834615]
[-114.21782572]
[-114.41516218]
[-114.55952412]
[-114.27894242]
[-114.36892384]
[-114.24795132]
[-114.38139836]
[-114.25606788]
[-114.40498983]
[-114.39199313]
[-111.95183035]
[-113.13566393]
[-114.4822229]
[-114.51485767]
[-114.53892835]
[-114.32069818]
[-114.46365776]
[-113.71576401]
[-114.50843181]
[-114.39083823]
[-114.31121712]
[-114.54070062]
[-114.35721526]
[-113.60759203]
[-114.37806174]
[-114.43172649]
[-114.43964518]
[-113.95044967]
[-114.33014279]
[-114.53754607]
[-114.36823652]
[-114.39653212]
[-113.63011722]
[-113.90813486]
[-114.33400476]
[-114.27830138]
[-114.12099247]
[-114.35876286]
[-114.12654849]
[-114.2668962]
[-113.2632007]
[-113.82988968]
[-114.44551633]
[-114.35401833]
[-114.44572944]
[-113.95803312]
[-113.87641973]
[-114.42941826]
[-114.42807113]
[-114.39915939]
[-114.309344]
[-114.32685189]
[-114.43606997]
[-114.41979297]
[-114.22895178]
[-114.05795895]
[-114.43881943]
[-114.00664631]
[-113.83709458]
[-114.33806418]
[-114.37473722]
[-114.28024647]
[-114.05715897]
[-113.89411073]
[-114.29408845]
[-114.35860878]
[-114.50880925]
[-114.30340217]
[-114.22396543]
[-114.43262938]
[-114.23984097]
[-114.31815419]
[-114.25970858]
[-114.42824233]
[-114.53343775]
[-113.65836387]
[-114.27408605]
[-114.54580248]
[-114.52182304]
[-114.45513283]
[-114.01421027]
[-114.36461986]
[-114.26043902]
[-114.41501447]
[-114.01430034]
[-114.44712874]
[-114.24837854]
[-114.42771012]
[-114.42874954]
[-114.41441354]
[-114.29925313]
[-113.64517914]
[-114.29249867]
[-114.36115147]
[-114.41529948]
[-113.53678627]
[-114.43399639]
[-114.3973146]
[-114.5418744]
[-113.31853619]
[-113.27962411]
[-113.11259323]
[-114.37023593]
[-114.54929857]
[-114.38895515]
[-114.41168284]
[-114.18605478]
[-114.42941437]
[-114.37810124]
[-114.42467654]
[-114.30632791]
[-114.23264629]
[-114.30405929]
[-114.5711394]
[-113.10965487]
[-114.45409812]
[-113.94783833]
[-114.23917775]
[-113.46885193]
[-114.34087826]
[-114.41348837]
[-114.22152075]
[-113.06509424]
[-113.12962624]
[-114.08443052]
[-114.45582905]
[-114.3173277]
[-114.39123906]
[-114.42166875]
[-114.31029374]
[-114.56026155]
[-113.39205031]
[-114.04977678]
[-114.34382027]
[-114.25158566]
[-114.2906621]
[-114.35060543]
[-114.30309339]
[-114.33895306]
[-114.62191242]
[-114.43362873]
[-114.30667486]
[-114.4725702]
[-114.24583848]
[-114.41992304]
[-114.45006652]
[-114.48235118]
[-114.35856189]
[-113.75052965]
[-113.6349408]
[-114.42468476]
[-114.45985724]
[-113.78798974]
[-114.5063344]
[-114.54148368]
[-114.61090766]
[-114.09301529]
[-114.57001568]
[-114.43721994]
[-114.43404196]
[-114.43490489]
[-114.43863151]
[-114.45611458]
[-113.80290442]
[-114.36740648]
[-114.51098014]
[-114.44240431]
[-114.47687646]
[-114.18223496]
[-114.41068151]
[-114.24648237]
[-114.42029942]
[-113.96915248]
[-114.4979681]
[-114.40452839]
[-113.34281149]
[-114.39340968]
[-114.32415037]
[-114.36234703]
[-114.16527544]
[-114.43253554]
[-114.45308084]
[-114.37747496]
[-114.31578995]
[-114.51429462]
[-114.24379877]
[-114.45424445]
[-114.39632735]
[-114.49310433]
[-114.36352715]
[-114.45287391]
[-113.74440817]
[-114.53175791]
[-114.1890643]
[-114.30238498]
[-114.45887279]
[-114.24337191]
[-114.36265127]
[-114.30776694]
[-114.37263069]
[-114.55245681]
[-114.25506105]
[-114.39231192]
[-114.31078063]
[-114.6431641]
[-114.46780826]
[-114.36862057]
[-114.35655271]
[-113.97526656]
[-114.42556281]
[-114.34076204]
[-114.42170298]
[-114.45879028]
[-113.862278]
[-113.4075506]
[-114.49772824]
[-114.2448895]
[-114.34349753]
[-113.69995193]
[-113.69488544]
[-114.38219913]
[-114.409827]
[-114.13098267]
[-114.17342637]
[-114.27327394]
[-114.14533167]
[-114.41435716]
[-114.35466638]
[-114.32903655]
[-114.3702749]
[-114.35392409]
[-114.45434758]
[-114.21840025]
[-114.20339806]
[-114.27965034]
[-114.52237412]
[-113.99686527]
[-114.38003667]
[-114.09790639]
[-114.30088835]
[-114.41303611]
[-114.55813152]
[-114.44700415]
[-114.52014479]
[-113.98972754]
[-114.18870852]
[-113.77981475]
[-114.2045879]
[-114.31683877]
[-114.32762048]
[-114.41070824]
[-114.41640264]
[-114.52785923]
[-114.41842017]
[-114.26253412]
[-114.38663016]
[-114.38377288]
[-114.22357436]
[-114.36372919]
[-114.44115016]
[-114.28642742]
[-114.38518134]
[-114.3271649]
[-113.54320152]
[-114.41631405]
[-113.58431126]
[-113.5310721]
[-114.393871]
[-114.09390172]
[-114.44661895]
[-114.49616724]
[-114.30914181]
[-114.05685639]
[-114.32840464]
[-114.32045743]
[-114.37462721]
[-114.35130809]
[-113.53379409]
[-114.39140165]
[-114.40086793]
[-114.38049335]
[-114.22667409]
[-114.23625966]
[-114.40259074]
[-114.435327]
[-114.33420995]
[-114.27183972]
[-114.52454387]
[-114.2524487]
[-114.4163072]
[-114.26140598]
[-114.23104818]
[-114.40905003]
[-114.35580189]
[-114.49005476]
[-114.34394709]
[-114.0130117]
[-114.00905848]
[-114.20750305]
[-114.11955238]
[-114.4288559]
[-114.41774451]
[-113.92739463]
[-113.5637596]
[-114.48971295]
[-114.48182946]
[-114.55094684]
[-114.24481613]
[-113.21534664]
[-114.32476967]
[-114.2114875]
[-114.36590065]
[-114.16628109]
[-114.35989232]
[-114.47316101]
[-114.3843297]
[-114.42672249]
[-114.21817344]
[-112.13804838]
[-114.27637709]
[-113.88477222]
[-114.05265966]
[-113.96764382]
[-114.45308472]
[-114.3021928]
[-114.35243795]
[-114.37123349]
[-114.47851891]
[-114.34529889]
[-114.25231192]
[-113.83512443]
[-114.44711893]
[-114.28221959]
[-114.29796931]
[-114.35803068]
[-114.43654205]
[-114.34548759]
[-113.47921781]
[-114.39732623]
[-114.29471689]
[-114.44615972]
[-113.16126765]
[-114.22181069]
[-114.46289223]
[-113.96978756]
[-114.22399336]
[-114.38717675]
[-114.38702762]
[-114.05641485]
[-114.27235013]
[-114.29524486]
[-114.46614295]
[-114.08821804]
[-114.34053655]
[-114.26429405]
[-113.75876572]
[-114.18990238]
[-114.18125637]
[-114.43218743]
[-114.41593359]
[-114.21743302]
[-114.26538256]
[-114.23223879]
[-114.29880174]
[-114.14190507]
[-114.17300508]
[-114.28557375]
[-114.54622876]
[-114.51897865]
[-114.41861287]
[-113.73706992]
[-114.43054122]
[-114.46165755]
[-114.56170076]
[-114.27233394]
[-114.17179602]
[-113.89216876]
[-114.18986472]
[-114.21304302]
[-114.28918316]
[-114.52673283]
[-114.43228067]
[-114.32542666]
[-114.33149447]
[-114.29108755]
[-114.00254086]
[-114.30994073]
[-113.02951172]
[-114.23308684]
[-114.36889325]
[-114.47687257]
[-114.41353418]
[-114.2746894]
[-114.38952617]
[-114.53827124]
[-113.88104447]
[-114.29436684]
[-114.34954543]
[-114.36396298]
