[-107.37609298]
[-107.18937749]
[-107.35323566]
[-107.0455234]
[-107.10253503]
[-107.37047504]
[-107.53756359]
[-107.08030534]
[-107.04719992]
[-107.01619889]
[-106.87277738]
[-106.73336015]
[-107.31798001]
[-107.13110433]
[-107.26135022]
[-107.04190538]
[-107.39328976]
[-107.17214214]
[-106.99948503]
[-106.92375611]
[-107.17707935]
[-106.7708388]
[-106.89950017]
[-107.0904929]
[-107.21966672]
[-107.19986901]
[-107.31419166]
[-107.55501553]
[-107.33486783]
[-107.55085961]
[-107.42584967]
[-107.11087292]
[-107.1038443]
[-107.1012601]
[-107.22108894]
[-107.10131438]
[-107.42193929]
[-107.23350374]
[-107.18232928]
[-107.22565294]
[-107.36567244]
[-107.364499]
[-107.18853849]
[-107.49321544]
[-107.37413546]
[-107.43658249]
[-107.25393196]
[-107.02017001]
[-107.04940042]
[-107.40659337]
[-107.06926216]
[-107.00335765]
[-107.30991197]
[-107.33400281]
[-107.44584674]
[-107.17232145]
[-107.19773725]
[-107.10644087]
[-107.16434389]
[-107.06049401]
[-107.05292095]
[-107.13264105]
[-107.0902558]
[-107.0690429]
[-107.14826725]
[-107.0672673]
[-106.89759868]
[-107.03439524]
[-107.10445063]
[-107.42141105]
[-107.18513362]
[-106.95057333]
[-107.13146248]
[-107.17339427]
[-107.05010923]
[-106.97435042]
[-107.36214245]
[-106.95868874]
[-107.07618372]
[-107.34191235]
[-107.20913208]
[-107.28064085]
[-107.34435296]
[-107.19395234]
[-107.17235056]
[-106.74535172]
[-107.21212057]
[-107.26059774]
[-107.21395708]
[-107.09321694]
[-107.17723453]
[-107.2540919]
[-107.06066095]
[-107.14835606]
[-107.08831803]
[-107.3190526]
[-106.9684791]
[-107.45930901]
[-107.44352128]
[-107.32679562]
[-107.13117727]
[-107.20279994]
[-106.95042975]
[-107.24156152]
[-107.00176991]
[-107.34155942]
[-106.99378054]
[-107.19674712]
[-107.03436083]
[-107.08357091]
[-107.37900997]
[-107.11933952]
[-107.24441058]
[-107.15627383]
[-107.2504707]
[-107.54087883]
[-107.36948867]
[-107.42676853]
[-107.05510862]
[-106.93700746]
[-107.39386601]
[-107.37192033]
[-107.37070369]
[-107.10046994]
[-107.24412483]
[-106.74379357]
[-107.27436853]
[-107.2592131]
[-107.52933294]
[-107.40105725]
[-107.31448183]
[-107.06995214]
[-107.26197303]
[-106.85506332]
[-107.16638202]
[-107.56788489]
[-107.41063384]
[-106.94301172]
[-107.27725509]
[-106.95201613]
[-107.43748491]
[-107.34562251]
[-106.96198241]
[-107.39539016]
[-107.46876224]
[-107.07409335]
[-107.34832499]
[-107.34556776]
[-107.16893778]
[-107.4649581]
[-107.22495679]
[-107.16944158]
[-107.09387848]
[-107.13706373]
[-107.14126465]
[-107.23521965]
[-107.12682662]
[-106.80089322]
[-107.43163327]
[-107.08894217]
[-106.9922457]
[-107.28554519]
[-107.51794963]
[-107.45407629]
[-107.12570234]
[-107.22654561]
[-107.42256851]
[-107.25305457]
[-107.50315686]
[-107.44684625]
[-106.9835282]
[-107.31842149]
[-107.52063429]
[-107.11738917]
[-107.47766975]
[-107.23585455]
[-107.16361988]
[-107.42487694]
[-107.19322055]
[-107.31749613]
[-107.00234371]
[-107.0158392]
[-107.03108821]
[-106.89641733]
[-107.16914189]
[-107.4347596]
[-107.18463506]
[-107.07364087]
[-107.13884335]
[-107.22895164]
[-107.36542617]
[-107.57756408]
[-107.16920998]
[-107.15381046]
[-107.10218396]
[-107.13584812]
[-107.07560619]
[-107.39999972]
[-107.50944918]
[-107.0041832]
[-107.4010612]
[-107.14477907]
[-107.24098186]
[-107.29247822]
[-107.16825752]
[-107.25716512]
[-107.03974473]
[-106.99428088]
[-107.37050189]
[-106.97150093]
[-107.12178033]
[-107.43313789]
[-107.12947212]
[-107.26033793]
[-107.32448581]
[-107.21488513]
[-107.14798263]
[-107.24227751]
[-107.5202785]
[-107.52629048]
[-107.11916145]
[-107.11793249]
[-107.33368709]
[-107.40192494]
[-107.19016625]
[-107.24319324]
[-107.43400611]
[-107.55931608]
[-107.29339392]
[-107.40426375]
[-107.36357283]
[-107.08126299]
[-107.25722449]
[-107.44530068]
[-107.01336571]
[-107.28610942]
[-107.25801028]
[-106.92533184]
[-107.34294615]
[-107.11243028]
[-107.37916925]
[-107.32744793]
[-107.42199324]
[-106.99202348]
[-107.10832408]
[-107.51027073]
[-107.50182034]
[-107.25241341]
[-107.31191677]
[-107.15167352]
[-107.07487511]
[-106.95561013]
[-107.09576543]
[-107.46372896]
[-107.38365141]
[-106.99403066]
[-107.25756699]
[-107.15895014]
[-107.40530139]
[-107.15607773]
[-107.07634559]
[-107.29369561]
[-107.18193659]
[-107.49503108]
[-106.6398862]
[-107.40223554]
[-106.75916102]
[-107.27904302]
[-107.17418114]
[-107.25905015]
[-107.25978567]
[-107.00151237]
[-107.0772439]
[-107.19358222]
[-107.36288506]
[-107.19595823]
[-107.12407358]
[-107.46165618]
[-106.76261539]
[-107.09237906]
[-107.05931959]
[-107.33032932]
[-107.40304504]
[-107.24494357]
[-107.51813678]
[-107.34008725]
[-107.2283386]
[-107.28375959]
[-107.19627954]
[-107.01836276]
[-107.49966527]
[-107.03126516]
[-107.3664703]
[-107.22949133]
[-107.20701965]
[-107.14496092]
[-107.06270594]
[-107.36109747]
[-107.11967596]
[-107.4519421]
[-107.28505536]
[-107.14765471]
[-107.12107954]
[-107.66329612]
[-106.98996418]
[-107.36677211]
[-107.03031345]
[-107.22040721]
[-107.27947606]
[-107.32948485]
[-106.80526768]
[-106.72512971]
[-107.20723772]
[-107.16173152]
[-107.17973482]
[-107.30547572]
[-107.32965535]
[-107.18223644]
[-107.13313187]
[-107.46421298]
[-107.33707797]
[-106.96681866]
[-107.46005961]
[-107.25559683]
[-106.79112866]
[-107.22572415]
[-107.32130481]
[-107.09217294]
[-107.1149124]
[-107.07815379]
[-107.10168552]
[-107.44225645]
[-107.10634969]
[-107.34581073]
[-107.42667878]
[-107.01955192]
[-107.08545376]
[-107.14362933]
[-107.178092]
[-107.18368808]
[-107.3155809]
[-107.16381158]
[-107.11351665]
[-107.18958499]
[-106.91018504]
[-107.13180565]
[-107.15936086]
[-107.03429889]
[-107.20287558]
[-107.13937839]
[-107.10429046]
[-107.34736683]
[-107.36638365]
[-107.51162087]
[-106.86622212]
[-107.00702834]
[-107.1786576]
[-107.23539529]
[-107.38048999]
[-106.9925179]
[-107.2916838]
[-107.2916838]
[-107.41114225]
[-107.1776898]
[-107.13688644]
[-107.63348843]
[-107.21806374]
[-107.18137649]
[-107.18267762]
[-107.20907054]
[-107.37743422]
[-107.57581894]
[-107.31683098]
[-107.40126902]
[-107.15730051]
[-107.31689184]
[-107.46312931]
[-107.43840001]
[-107.3659916]
[-107.56967986]
[-107.38484296]
[-107.4305673]
[-107.50437221]
[-107.12549472]
[-106.96533719]
[-106.80129218]
[-107.13799141]
[-107.19467941]
[-107.10009975]
[-107.45101778]
[-107.14864695]
[-107.53346123]
[-107.40921984]
[-107.32687558]
[-107.35604484]
[-107.56019528]
[-106.96469885]
[-106.98422672]
[-107.32626955]
[-107.1463631]
[-107.12276594]
[-107.38909617]
[-107.48126985]
[-107.16393612]
[-106.98058312]
[-107.28908442]
[-107.34852842]
[-107.53433894]
[-107.54017306]
[-107.44785493]
[-107.38573839]
[-107.49759613]
[-107.40702643]
[-107.00168653]
[-107.04106356]
[-107.17009085]
[-107.14827869]
[-107.24724377]
[-106.9464846]
[-107.36616594]
[-107.51799652]
[-107.298565]
[-107.17875061]
[-107.04878469]
[-107.52767683]
[-107.29253218]
[-106.97541379]
[-106.98479461]
[-106.87811311]
[-107.19965059]
[-107.49934427]
[-107.47077309]
[-107.38775435]
[-107.07308317]
[-107.58581363]
[-107.44252357]
[-107.04546197]
[-107.19064928]
[-107.35252751]
[-107.1081263]
[-106.95519445]
[-107.31606063]
[-106.92721395]
[-107.09121555]
[-107.19273132]
[-107.0627491]
[-104.95852379]
[-107.25785515]
[-107.13456925]
[-107.03223993]
[-107.06646783]
[-107.29022121]
[-107.33058207]
[-106.64470382]
[-107.00638003]
[-107.11489653]
[-106.789266]
[-107.14657788]
[-107.32664052]
[-106.66508157]
[-107.51077397]
[-107.05719726]
[-106.94971532]
[-107.10887124]
[-107.41907355]
[-107.21425699]
[-106.92600837]
[-107.40999607]
[-107.36002548]
[-107.5650845]
[-107.25215804]
[-106.98983746]
[-107.12562663]
[-107.18784984]
[-107.41049899]
[-107.43626016]
[-107.35427937]
[-107.19862372]
[-107.20162081]
[-107.00916319]
[-107.06548399]
[-107.30620208]
[-107.27630078]
[-107.08303377]
[-107.29724721]
[-107.41727883]
[-107.49638914]
[-106.86884146]
[-107.20488156]
[-106.67681621]
[-107.5956603]
[-107.38441668]
[-107.57063157]
[-107.31772141]
[-106.97605784]
[-107.23040047]
[-107.09132449]
[-107.31839665]
[-107.54998717]
[-107.3854513]
[-107.16768996]
[-107.37237494]
[-107.39744398]
[-107.15140371]
[-107.40354846]
[-107.13203596]
[-106.66830963]
[-107.28477993]
[-107.42755141]
[-107.39241228]
[-107.3437549]
[-107.36176921]
[-107.41421035]
[-107.02999304]
[-107.35197836]
[-107.11384611]
[-107.44174621]
[-106.97455314]
[-107.37697965]
[-107.22867419]
[-107.25224636]
[-107.42726423]
[-107.06458156]
[-106.85872308]
[-107.04952828]
[-107.14848264]
[-107.34016899]
[-106.9895397]
[-107.27749615]
[-107.43031648]
[-107.08453371]
[-107.07824902]
[-107.42328409]
[-107.23421687]
[-107.6103015]
[-107.06033183]
[-107.4318144]
[-107.4255858]
[-106.83241962]
[-107.07885996]
[-107.00359174]
[-106.98986149]
[-106.96541374]
[-107.2000003]
[-107.63351783]
[-107.30486542]
[-107.39643098]
[-107.18692167]
[-107.1623836]
[-107.0659126]
[-107.11628596]
[-107.3398229]
[-107.51208376]
[-107.40374002]
[-107.08697544]
[-107.43609627]
[-107.13826164]
[-107.57832592]
[-107.25078781]
[-107.12623937]
[-106.97523725]
[-107.18933932]
[-106.8914888]
[-107.14520194]
[-107.33467686]
[-107.43651258]
[-107.30169453]
[-106.91983699]
[-107.27856767]
[-107.26171323]
[-107.31604192]
[-107.08582455]
[-107.21323631]
[-107.4465934]
[-107.21462663]
[-106.91284764]
[-107.40673826]
[-106.91358595]
[-107.13988776]
[-107.51954922]
[-107.06668287]
[-107.32630243]
[-107.44828474]
[-107.49713206]
[-107.56000695]
[-107.13631502]
[-107.43583762]
[-107.1013539]
[-107.35954451]
[-107.10078898]
[-107.01201995]
[-107.25666003]
[-107.26355552]
[-106.83016949]
[-107.14049187]
[-107.09078497]
[-106.97723561]
[-107.25627677]
[-107.25293012]
[-107.30289702]
[-107.35622605]
[-107.25249644]
[-106.77914199]
[-107.15828008]
[-107.37916664]
[-107.31274386]
[-107.46432803]
[-107.37060041]
[-107.37289959]
[-107.48194693]
[-106.98696415]
[-107.42118086]
[-107.16013986]
[-107.0440435]
[-107.32898558]
[-107.02523183]
[-107.3332973]
[-107.19939944]
[-107.04007068]
[-107.14145374]
[-107.38030699]
[-107.55814568]
[-107.0006511]
[-107.10187687]
[-107.10629387]
[-107.07626527]
[-107.37048127]
[-107.19208428]
[-107.58381986]
[-107.41455938]
[-107.32546209]
[-107.33068453]
[-107.21150672]
[-107.2669294]
[-107.16624049]
[-106.77482214]
[-107.50997985]
[-107.43421446]
[-107.06196134]
[-107.08830896]
[-107.18905215]
[-107.2430534]
[-107.07195348]
[-107.29492399]
[-107.49916903]
[-107.085282]
[-106.98220757]
[-107.13662168]
[-107.0938633]
[-107.52364152]
[-107.34796928]
[-107.42871471]
[-107.48914337]
[-107.02372071]
[-107.3912783]
[-107.39185016]
[-107.23000414]
[-107.02729545]
[-106.95213092]
[-107.04754553]
[-107.47846314]
[-106.99341528]
[-107.30155239]
[-107.27169173]
[-106.95087381]
[-106.94706523]
[-107.36540883]
[-106.84939369]
[-107.44442834]
[-107.26151409]
[-107.09486343]
[-107.36902068]
[-106.80040944]
[-107.12102667]
[-107.13220755]
[-107.44869688]
[-107.20508895]
[-107.53631915]
[-107.57409407]
[-107.14026084]
[-107.36846102]
[-107.38417819]
[-107.34427852]
[-107.07712821]
[-106.99156247]
[-107.45885793]
[-107.20164227]
[-107.15003986]
[-107.23885897]
[-107.30093762]
[-107.23959577]
[-107.11968114]
[-106.7203641]
[-107.16172368]
[-107.17882827]
[-107.48591454]
[-107.24650104]
[-107.0638]
[-107.27442385]
[-107.32812712]
[-107.12252131]
[-107.2183335]
[-106.94377163]
[-107.11722075]
[-107.45520536]
[-107.11726268]
[-107.45881765]
[-106.85392436]
[-107.37212759]
[-107.22895337]
[-107.28320319]
[-107.0413805]
[-107.23995629]
[-107.35816334]
[-107.38952393]
[-107.28957471]
[-107.15820801]
[-107.12906596]
[-107.33380761]
[-107.17595858]
[-107.13164795]
[-107.16399326]
[-107.27014414]
[-107.59527112]
[-107.18850716]
[-107.34562992]
[-107.17479842]
[-106.95909241]
[-107.1526445]
[-107.30577091]
[-107.23829242]
[-107.26830119]
[-106.82030414]
[-107.58072518]
[-107.18820463]
[-107.05273646]
[-107.46255169]
[-106.96813737]
[-107.41390255]
[-107.12523973]
[-107.36650889]
[-107.00048965]
[-107.09197081]
[-107.2451066]
[-107.06474385]
[-107.46824711]
[-107.2692566]
[-106.86799617]
[-107.30730232]
[-107.04448088]
[-107.22992425]
[-107.02237973]
[-107.51900805]
[-106.76853078]
[-107.49232016]
[-107.39244603]
[-107.51964323]
[-107.42284755]
[-107.18348674]
[-107.02229164]
[-107.1312263]
[-107.27444315]
[-107.45653654]
[-107.09722386]
[-107.34610451]
[-107.34487106]
[-107.44282035]
[-107.4357488]
[-107.00480108]
[-107.16219863]
[-107.1459646]
[-107.20859653]
[-106.94525609]
[-107.19308195]
[-107.1594415]
[-107.08747778]
[-107.17512457]
[-107.38498652]
[-107.46431785]
[-107.26261829]
[-107.55851442]
[-107.16811858]
[-107.3822897]
[-107.56014144]
[-107.09906529]
[-107.36802548]
[-107.38433219]
[-107.5218006]
[-107.05962636]
[-107.52462455]
[-107.31690905]
[-107.44174723]
[-107.40705202]
[-107.04324903]
[-107.21809632]
[-107.29317538]
[-107.31061914]
[-107.03017858]
[-105.71565399]
[-107.23582098]
[-107.19884149]
[-107.62355689]
[-107.2994249]
[-107.43715067]
[-107.43474022]
[-107.16094496]
[-107.57041201]
[-107.4133273]
[-107.21407421]
[-107.39409684]
[-107.34602888]
[-107.13775134]
[-107.49931854]
[-107.37101036]
[-107.13008831]
[-106.99145506]
[-107.57254334]
[-107.31707628]
[-107.51569786]
[-107.09403807]
[-107.06427281]
[-107.28716921]
[-107.17194922]
[-107.22030206]
[-107.4297358]
[-107.36745142]
[-107.1721312]
[-107.35449454]
[-107.1327625]
[-107.57177283]
[-107.31025473]
[-107.4964468]
[-107.0816346]
[-106.96040984]
[-107.52963868]
[-107.5328351]
[-107.10092756]
[-107.4448876]
[-107.39253612]
[-107.01403814]
[-107.04755275]
[-107.2796266]
[-107.43220345]
[-107.22308297]
[-107.13457234]
[-107.53131323]
[-106.89340897]
[-107.07762492]
[-107.4460475]
[-107.15883754]
[-107.14885947]
[-107.4490476]
[-107.44707135]
[-107.42965444]
[-107.30955297]
[-107.13503634]
[-107.58951968]
[-107.4575532]
[-107.56130938]
[-107.21796187]
[-107.23814967]
[-107.18236368]
[-107.42984903]
[-107.25943696]
[-107.37433441]
[-107.14779132]
[-107.57238512]
[-107.53114024]
[-107.20116794]
[-107.16591152]
[-107.64064304]
[-107.59433905]
[-107.38543917]
[-107.54848442]
[-107.5442577]
[-107.37254416]
[-107.25772313]
[-107.50547719]
[-107.14486059]
[-107.365419]
[-107.60242395]
[-107.08512116]
[-107.25005059]
[-107.2121241]
[-107.23134421]
[-107.41011488]
[-107.53026701]
[-107.53703813]
[-107.06500458]
[-107.22860954]
[-107.15019337]
[-107.02351247]
[-107.27083749]
[-107.54173399]
[-107.24872358]
[-107.43743978]
[-107.44205093]
[-107.10428032]
[-107.228564]
[-107.52100205]
[-107.44377062]
[-107.30230526]
[-107.26215596]
[-107.58397025]
[-107.35980623]
[-107.39330615]
[-106.91316665]
[-107.24563399]
[-107.11256875]
[-107.60915456]
[-107.06603039]
[-107.42279071]
[-107.19327313]
[-107.53424915]
[-107.62215602]
[-107.33594457]
[-107.34907379]
[-107.38340827]
[-107.3862501]
[-107.12502454]
[-107.0279787]
[-107.08158913]
[-107.094659]
[-107.33241822]
[-107.4323757]
[-107.182771]
[-107.13099161]
[-106.93656754]
[-107.45520912]
[-107.21145971]
[-107.16483934]
[-107.44683324]
[-107.06798411]
[-107.59631034]
[-106.94417631]
[-107.24797231]
[-107.18317087]
[-107.18592836]
[-107.14645113]
[-107.21673582]
[-107.01150592]
[-107.28780749]
[-106.91136308]
[-107.35697747]
[-107.58136276]
[-107.20875491]
[-107.21105392]
[-107.43903987]
[-107.54437528]
[-107.33667271]
[-107.37590429]
[-107.36023162]
[-107.65176079]
[-107.24852168]
[-107.11767665]
[-106.98527147]
[-107.09297162]
[-107.44879143]
[-107.24903337]
[-107.16388316]
[-107.39334758]
[-107.15109916]
[-107.31428216]
[-107.08342278]
[-106.90616148]
[-106.97645418]
[-107.16672346]
[-107.09427272]
[-107.2408697]
[-107.03513593]
[-106.62175561]
[-107.26046988]
[-107.38457379]
[-107.3278038]
[-107.17200633]
[-106.94298816]
[-107.37053569]
[-107.62478766]
[-107.54287875]
[-107.36678742]
[-107.2324147]
[-107.19099586]
[-107.39873409]
[-107.31867598]
[-106.71153711]
[-107.32115019]
[-106.83624158]
[-107.14789796]
[-107.48213592]
[-107.2091892]
[-107.40979616]
[-106.98368772]
[-106.82890333]
[-107.02220671]
[-107.32484296]
[-107.25746557]
[-107.22334686]
[-107.34736835]
[-107.36182916]
[-107.6532159]
[-107.26840861]
[-107.42578999]
[-107.21197216]
[-107.45721345]
[-107.38378331]
[-107.34728987]
[-107.51607771]
[-107.3528519]
[-107.04506862]
[-107.25542306]
[-107.26120549]
[-107.1859003]
[-107.45360041]
[-107.19634563]
[-107.03472523]
[-107.53072953]
[-107.53679888]
[-107.26777921]
[-107.47239945]
[-107.59383497]
[-107.18432578]
[-107.38301544]
[-107.49633059]
[-107.37678289]
[-107.2192745]
[-107.36927063]
[-107.2303749]
[-107.63422061]
[-107.54350512]
[-107.49330339]
[-107.1596727]
[-107.41316373]
[-107.04841651]
[-107.19301106]
[-107.1000951]
[-106.99193235]
[-107.24149771]
[-107.15752804]
[-107.55285128]
[-107.30542955]
[-107.55427326]
[-107.17948195]
[-107.37774449]
[-107.61508187]
[-107.09027138]
[-107.30990702]
[-107.20812702]
[-107.19898102]
[-107.23000468]
[-107.13949923]
[-107.28791447]
[-107.2343221]
[-107.38040054]
[-107.14489211]
[-107.39341195]
[-107.31777443]
[-107.61700089]
[-107.56683363]
[-107.46256106]
[-107.30025213]
[-107.21793506]
[-107.34798178]
[-107.47717521]
[-107.32956726]
[-107.39401901]
[-107.34680444]
[-107.19535743]
[-107.19452654]
[-107.2802787]
[-107.46803294]
[-107.12908538]
[-107.07007507]
[-107.3155225]
[-107.47119035]
[-107.2657341]
[-107.19213716]
[-107.06426818]
[-107.15723519]
[-107.11563072]
[-106.82108748]
[-107.47832391]
[-107.10889207]
[-107.47161682]
[-107.00584823]
[-107.57447258]
[-107.18707131]
[-107.39545624]
[-107.04293561]
[-107.5452915]
[-107.31627994]
[-107.3542208]
[-107.53767107]
[-107.15267967]
[-107.43228541]
[-107.34480615]
[-107.30164377]
[-107.52847196]
[-107.27073132]
[-107.26375641]
[-106.96289652]
[-107.49869333]
[-107.16322823]
[-107.42377189]
[-107.18621373]
[-106.89823251]
[-107.34867687]
[-107.12914954]
[-107.31557213]
[-107.44232578]
[-107.49304788]
[-107.08865]
[-107.15862993]
[-107.56363435]
[-107.29236998]
[-107.22752293]
[-107.51347046]
[-107.40200076]
[-107.06920678]
[-107.38301615]
[-107.31365558]
[-106.91732571]
[-107.65698541]
[-107.56512652]
[-107.485179]
[-107.09953085]
[-107.46320477]
[-107.56386401]
[-107.57697581]
[-107.23990242]
[-107.13946266]
[-107.29220057]
[-107.36202591]
[-107.46034916]
[-106.95684308]
[-107.18402901]
[-107.23591455]
[-107.52227209]
[-107.54344886]
[-107.13891937]
[-107.02660949]
[-107.69252075]
[-107.15089241]
[-107.17831002]
[-107.31988998]
[-107.30611545]
[-107.51504538]
[-107.64072234]
[-107.18981435]
[-107.61104367]
[-107.28505461]
[-107.16734943]
[-106.95861497]
[-107.24150737]
[-107.06346166]
[-107.39119767]
[-106.99270598]
[-107.41943689]
[-107.3688701]
[-107.31644386]
[-107.23119515]
[-107.44278853]
[-107.05158403]
[-107.69077931]
[-107.23681397]
[-107.3437538]
[-107.57891378]
[-107.40199964]
[-107.52031484]
[-107.15672789]
[-107.54357928]
[-107.3009061]
[-106.9541334]
[-107.31626654]
[-107.15829607]
[-107.52222519]
[-107.19483571]
[-107.17052158]
[-107.37327141]
[-107.44324559]
[-107.65204251]
[-107.14509213]
[-107.19131739]
[-107.33755128]
[-107.3146982]
[-107.19159942]
[-107.24960063]
[-107.62473355]
[-107.43079214]
[-107.47471884]
[-107.55002843]
[-107.403513]
[-107.55154579]
[-107.13674281]
[-107.25005409]
[-107.32631162]
[-107.39677109]
[-107.3359651]
[-107.60936714]
[-107.45396463]
[-107.47867474]
