[-107.08601392]
[-107.1047247]
[-106.96844654]
[-106.96515561]
[-107.10965781]
[-107.04291949]
[-107.11352929]
[-107.01172986]
[-107.05011323]
[-107.10577029]
[-107.05316695]
[-107.07896823]
[-107.17706976]
[-107.10611222]
[-107.06300957]
[-107.07109461]
[-107.09137415]
[-106.97720705]
[-107.03834119]
[-106.99659667]
[-107.0664251]
[-107.04530573]
[-107.11840788]
[-107.00126728]
[-107.16632536]
[-107.07223009]
[-106.98183625]
[-106.99489472]
[-107.0356196]
[-107.03209171]
[-107.03531519]
[-107.04559712]
[-107.06036628]
[-107.0507512]
[-107.10422562]
[-106.81908821]
[-106.97955829]
[-107.15686274]
[-107.1380659]
[-107.04572178]
[-107.11381633]
[-107.08696579]
[-107.06787547]
[-107.15562766]
[-107.07417654]
[-107.02253827]
[-107.01231728]
[-106.9351649]
[-107.03725503]
[-107.09756833]
[-107.05868576]
[-107.04565619]
[-107.07611935]
[-106.92142285]
[-107.09068582]
[-107.00466568]
[-106.63279003]
[-107.07778746]
[-106.89324956]
[-107.02880905]
[-107.0712381]
[-107.03297443]
[-107.05103264]
[-107.16897301]
[-107.14616632]
[-107.01338153]
[-106.99278401]
[-107.01364775]
[-107.07511349]
[-107.06433246]
[-106.94745048]
[-107.19893407]
[-107.08217936]
[-107.04835495]
[-107.03219043]
[-107.09888096]
[-107.00505284]
[-107.08316424]
[-107.02886874]
[-107.07621389]
[-107.05704571]
[-107.17274944]
[-107.07952963]
[-107.19111557]
[-107.05120319]
[-107.08176326]
[-107.05841194]
[-107.09884811]
[-107.02839284]
[-106.9177385]
[-106.62285182]
[-107.07914435]
[-107.03564446]
[-107.0267082]
[-106.74457503]
[-107.03069417]
[-107.19159267]
[-107.14246061]
[-107.1480455]
[-107.00788442]
[-107.10658399]
[-107.02337807]
[-107.09115879]
[-107.05713973]
[-107.13487256]
[-107.03782978]
[-107.05162638]
[-107.2118108]
[-106.99292134]
[-107.10145453]
[-107.22121756]
[-106.94513695]
[-107.07357714]
[-106.8941318]
[-107.00743142]
[-107.06763852]
[-107.20154131]
[-107.10970725]
[-107.16074932]
[-107.06440742]
[-107.09616763]
[-107.21159873]
[-106.9520541]
[-107.16429101]
[-107.12699322]
[-107.11410187]
[-107.03243451]
[-107.05000519]
[-107.11727523]
[-107.08325381]
[-107.05353505]
[-107.07627387]
[-107.08785169]
[-106.97828987]
[-107.12950088]
[-107.02932239]
[-107.0647299]
[-107.03949079]
[-106.96524338]
[-107.05020115]
[-107.09423861]
[-107.10810973]
[-107.11919966]
[-107.03963078]
[-107.09511885]
[-107.17224447]
[-107.18446205]
[-107.07724544]
[-107.18669608]
[-107.10989748]
[-107.08262884]
[-107.05554733]
[-107.10364812]
[-107.03590503]
[-107.13884192]
[-107.10776598]
[-107.11105119]
[-107.04729002]
[-106.97042383]
[-107.0150994]
[-107.07022397]
[-107.10985343]
[-107.24147949]
[-107.1944801]
[-107.17967473]
[-107.11480138]
[-106.99195705]
[-107.15029922]
[-107.10464392]
[-107.09600353]
[-107.18683302]
[-107.12412321]
[-107.26198426]
[-107.03906484]
[-107.05641989]
[-107.17544412]
[-106.9961022]
[-107.0598726]
[-107.11965723]
[-106.97652238]
[-107.1029708]
[-107.07282223]
[-107.22214509]
[-107.08813563]
[-107.22042125]
[-107.18526918]
[-107.10183331]
[-107.20065046]
[-107.06169933]
[-107.04440134]
[-107.06321127]
[-107.11057664]
[-107.12797125]
[-107.0976224]
[-107.07877099]
[-107.01548886]
[-107.05176493]
[-107.14772856]
[-107.13414056]
[-107.10809639]
[-107.0625008]
[-107.05681432]
[-107.12064723]
[-107.02290489]
[-107.12256271]
[-107.20277136]
[-107.0978315]
[-107.10379322]
[-107.16399367]
[-106.44949424]
[-107.07977932]
[-107.04384336]
[-107.0584076]
[-107.10032971]
[-107.05694485]
[-107.09283288]
[-107.11451208]
[-107.16342554]
[-107.07760488]
[-107.05668735]
[-107.02450266]
[-107.06817557]
[-107.1469426]
[-106.82279704]
[-106.92338894]
[-106.98809818]
[-107.09712435]
[-106.999894]
[-107.03700827]
[-107.10911378]
[-107.12728336]
[-107.07672964]
[-106.9839069]
[-107.12073807]
[-107.14237639]
[-107.10094307]
[-106.97936885]
[-107.10250222]
[-107.03072167]
[-107.0092405]
[-107.11737331]
[-107.10331086]
[-107.11434913]
[-107.07743296]
[-107.08154268]
[-106.9304427]
[-107.13170041]
[-107.20115701]
[-107.1335945]
[-107.08872798]
[-106.91161078]
[-106.7749915]
[-107.04825521]
[-106.86797578]
[-107.09004593]
[-106.8406998]
[-106.93439136]
[-106.99144845]
[-107.07372242]
[-106.83872925]
[-107.05745378]
[-107.04877431]
[-107.07823113]
[-107.02611437]
[-107.14385056]
[-107.1810633]
[-107.02836783]
[-107.1208068]
[-107.14108204]
[-107.11312958]
[-107.11597669]
[-107.08851209]
[-107.11538804]
[-107.19814327]
[-107.09333623]
[-107.16865508]
[-106.85096391]
[-107.08919346]
[-107.09767853]
[-107.02328617]
[-107.02631005]
[-107.10928429]
[-107.12145486]
[-107.0428759]
[-107.10336739]
[-107.22340469]
[-107.0636576]
[-107.06705455]
[-107.03089514]
[-107.03353802]
[-107.02664701]
[-107.1784937]
[-106.99367064]
[-107.09995669]
[-107.10459823]
[-106.97507702]
[-107.07150582]
[-107.13432068]
[-107.06370541]
[-107.0582552]
[-106.94091541]
[-107.17425209]
[-107.03135983]
[-107.05280204]
[-107.07010804]
[-107.00126807]
[-107.13798315]
[-107.08280111]
[-107.11577567]
[-107.10000717]
[-107.15790069]
[-107.09609557]
[-106.96366765]
[-106.93661611]
[-107.17279507]
[-107.0728213]
[-107.13238117]
[-106.99072554]
[-106.9672426]
[-107.18807079]
[-106.82373264]
[-107.12256437]
[-107.11187716]
[-107.16707275]
[-107.14052711]
[-107.04671153]
[-107.0205941]
[-107.10783049]
[-107.14407614]
[-107.06292267]
[-106.95944883]
[-107.08188541]
[-107.0026218]
[-107.05303315]
[-107.10642466]
[-107.03629113]
[-107.05247029]
[-107.03403795]
[-107.05889492]
[-107.18234484]
[-106.97570424]
[-107.05020069]
[-107.05518984]
[-107.11339379]
[-107.14196465]
[-107.08651446]
[-107.08024481]
[-107.13513926]
[-107.10140232]
[-107.04396569]
[-107.00239744]
[-107.10951021]
[-107.0952268]
[-107.06948102]
[-107.11031873]
[-107.13194937]
[-107.05720563]
[-107.04783505]
[-107.0639352]
[-107.11860259]
[-107.17598685]
[-107.171389]
[-107.18703782]
[-107.17204101]
[-107.0562973]
[-107.14069546]
[-107.12116691]
[-107.09302006]
[-107.03396434]
[-107.1242233]
[-107.1506454]
[-106.97651834]
[-107.07718186]
[-107.11096829]
[-107.22045183]
[-107.09491705]
[-107.16508745]
[-107.05068421]
[-107.03670361]
[-107.04511064]
[-107.03941371]
[-107.18045079]
[-107.0880605]
[-107.01974229]
[-107.1523867]
[-107.16139536]
[-107.13919171]
[-106.9589536]
[-107.0412503]
[-106.89909383]
[-107.13924642]
[-107.10440782]
[-107.00031183]
[-107.09211432]
[-106.87278336]
[-107.1061218]
[-107.12072499]
[-107.08895086]
[-106.99117426]
[-107.14587382]
[-107.13812249]
[-106.91263597]
[-107.18775935]
[-107.06859004]
[-106.9471772]
[-107.06600376]
[-107.06217202]
[-107.13384148]
[-107.11382437]
[-106.96917468]
[-107.10067158]
[-107.12482567]
[-107.12660306]
[-107.15605827]
[-107.09297346]
[-107.09114713]
[-107.13728062]
[-107.06400734]
[-107.05686771]
[-107.10436216]
[-106.92000082]
[-107.13837997]
[-107.07613198]
[-107.03141573]
[-107.07369332]
[-107.10792173]
[-107.06646983]
[-107.11049411]
[-107.05053565]
[-106.84213801]
[-107.11989889]
[-107.05990495]
[-107.01748141]
[-107.07674738]
[-107.0959366]
[-107.14909757]
[-107.09271307]
[-107.04717554]
[-107.1666703]
[-106.62533698]
[-107.05759857]
[-107.06096188]
[-107.19180495]
[-107.01717768]
[-107.10048956]
[-107.06405325]
[-107.12030152]
[-107.0287772]
[-107.09169969]
[-106.90336671]
[-107.04404197]
[-107.15262511]
[-107.09776099]
[-107.0398503]
[-107.0487502]
[-106.96540858]
[-107.01397007]
[-106.99596942]
[-107.14413626]
[-107.03280378]
[-107.14032553]
[-107.04756644]
[-107.07716131]
[-107.03668343]
[-107.13671098]
[-107.13889961]
[-107.1105626]
[-107.03351945]
[-107.05366965]
[-107.03857933]
[-107.04644473]
[-106.98184064]
[-107.02116152]
[-107.08079627]
[-107.03790449]
[-107.12691371]
[-107.02278816]
[-107.07351504]
[-107.1613168]
[-107.05313277]
[-106.95956041]
[-107.05423863]
[-107.15601207]
[-107.04030327]
[-107.10698553]
[-106.94275846]
[-107.07071089]
[-107.11425795]
[-107.17743882]
[-107.07508637]
[-107.02380233]
[-107.08147205]
[-107.11532485]
[-106.32668807]
[-107.05777659]
[-107.06904894]
[-107.07501033]
[-107.16372121]
[-107.1911014]
[-107.12118283]
[-107.13159791]
[-107.04417806]
[-107.09782878]
[-107.07998966]
[-107.13082945]
[-107.10375377]
[-107.04308766]
[-107.12066155]
[-107.1256147]
[-107.17491498]
[-107.10346553]
[-107.09033685]
[-106.929827]
[-106.98475932]
[-107.19748607]
[-107.10991912]
[-107.18272006]
[-107.12186634]
[-107.06041108]
[-107.01096668]
[-107.05055821]
[-107.06145716]
[-107.029589]
[-107.08301457]
[-107.09650063]
[-106.9816765]
[-107.06096403]
[-107.09493206]
[-107.17530298]
[-107.02848432]
[-106.61772262]
[-106.91300043]
[-106.96135529]
[-107.02241666]
[-107.10219523]
[-107.01555456]
[-107.07520974]
[-107.06704352]
[-106.80430327]
[-106.99917708]
[-106.96095373]
[-106.9802617]
[-107.05923802]
[-107.084825]
[-106.95709062]
[-107.10482087]
[-107.0379461]
[-107.04450023]
[-107.10560586]
[-107.15099414]
[-107.04837661]
[-107.02817617]
[-106.98097258]
[-107.01426123]
[-107.00403505]
[-107.12484715]
[-107.00694248]
[-107.08994454]
[-107.04274291]
[-106.97172841]
[-106.81192882]
[-107.10620101]
[-107.08461888]
[-107.1812477]
[-106.95739152]
[-107.06880551]
[-107.12364725]
[-107.0263207]
[-106.98458204]
[-107.09011608]
[-107.08904592]
[-107.09441583]
[-107.0694752]
[-107.05083893]
[-107.04586435]
[-107.11872303]
[-107.0195546]
[-107.17665286]
[-107.08898638]
[-106.67169152]
[-107.04299048]
[-107.065627]
[-107.05532491]
[-106.8011244]
[-106.99767207]
[-107.07039992]
[-107.01109708]
[-107.12270893]
[-107.15277258]
[-107.06050152]
[-107.14867457]
[-107.02760328]
[-107.07846569]
[-107.04527242]
[-107.06476833]
[-107.06142947]
[-107.08238638]
[-107.04317086]
[-107.02657613]
[-107.08653213]
[-107.13771116]
[-107.05742108]
[-107.1044598]
[-106.94743052]
[-107.15744954]
[-107.03715996]
[-107.13029429]
[-107.07546962]
[-106.97767738]
[-107.0364079]
[-107.00831912]
[-107.07498424]
[-107.07153409]
[-107.10567998]
[-107.13792919]
[-107.08218278]
[-107.08932962]
[-107.03671035]
[-107.02378035]
[-106.83981713]
[-106.97295626]
[-106.99066138]
[-106.97944169]
[-107.03227613]
[-106.98310251]
[-107.02551272]
[-107.17291576]
[-107.08059609]
[-107.00819135]
[-106.83028437]
[-106.97172908]
[-106.97703739]
[-107.05261732]
[-107.07550534]
[-107.05968747]
[-107.06275628]
[-106.9529828]
[-107.1284084]
[-107.10942049]
[-107.04984446]
[-107.08342224]
[-107.02311161]
[-107.03713317]
[-107.11046592]
[-107.09285093]
[-107.05102462]
[-106.97381428]
[-107.03955291]
[-106.98850135]
[-107.01240533]
[-107.05259391]
[-107.04695559]
[-107.07749445]
[-107.00998364]
[-107.0735272]
[-106.99342931]
[-107.09863648]
[-107.07593882]
[-107.02801356]
[-107.15618978]
[-107.10412838]
[-107.13814972]
[-107.0312601]
[-107.17101724]
[-107.09948008]
[-107.09055675]
[-107.0295835]
[-106.36417136]
[-106.94336247]
[-107.0927206]
[-106.99419163]
[-107.00620967]
[-107.00691244]
[-107.13863087]
[-106.99900157]
[-107.07563797]
[-106.69658985]
[-107.16566768]
[-107.06596061]
[-107.01442109]
[-107.01883468]
[-107.05969489]
[-107.09936776]
[-107.07599691]
[-106.94244671]
[-107.10934638]
[-107.06852762]
[-107.10060467]
[-107.06940112]
[-107.12103414]
[-107.08419046]
[-107.22719634]
[-107.02967488]
[-107.0934973]
[-106.9769211]
[-107.15016583]
[-107.0600765]
[-107.04403822]
[-107.18817145]
[-107.18396637]
[-107.08405996]
[-107.09864368]
[-107.01255977]
[-107.04048454]
[-107.06166932]
[-107.0180263]
[-107.02706603]
[-107.16565054]
[-107.0317075]
[-107.09936615]
[-107.11877483]
[-107.13349544]
[-107.09764533]
[-107.03749793]
[-107.11625502]
[-107.14338327]
[-106.99452136]
[-107.17489493]
[-107.0683566]
[-107.09785372]
[-106.98604203]
[-107.08294361]
[-106.96431204]
[-107.08178147]
[-107.06106947]
[-107.10527778]
[-106.99522777]
[-106.95787644]
[-106.85341266]
[-107.13450166]
[-107.14621396]
[-106.81554175]
[-107.01845444]
[-107.05048495]
[-107.10040035]
[-107.00886426]
[-107.11755339]
[-107.13812157]
[-107.12789047]
[-107.16928631]
[-107.17852008]
[-107.11560715]
[-107.0809811]
[-107.10775813]
[-107.07272244]
[-107.0228139]
[-107.12414694]
[-107.0542099]
[-107.04709603]
[-107.03175471]
[-107.08648447]
[-107.14916076]
[-107.11529644]
[-107.12813659]
[-107.13235754]
[-107.06209908]
[-107.09464678]
[-107.07996325]
[-106.77290203]
[-107.08680883]
[-107.16799556]
[-107.14666168]
[-106.90148424]
[-107.14741044]
[-107.05571894]
[-107.07859526]
[-107.15572512]
[-107.27588285]
[-107.19213485]
[-107.12640698]
[-107.14594579]
[-107.0899526]
[-107.12856609]
[-107.07148512]
[-107.10496705]
[-107.0974639]
[-107.03469172]
[-107.16471212]
[-107.08350289]
[-107.13602288]
[-107.07959066]
[-107.14303615]
[-107.06578915]
[-107.18409458]
[-107.00270852]
[-107.0514631]
[-107.07004631]
[-106.96713962]
[-107.10682709]
[-107.06601373]
[-107.2187666]
[-107.14827741]
[-107.10002596]
[-107.00356219]
[-107.12461321]
[-107.07894724]
[-107.04911345]
[-107.1496009]
[-107.15480689]
[-107.074943]
[-106.96116266]
[-107.16240971]
[-107.03523209]
[-107.06783298]
[-107.0744198]
[-107.01421478]
[-107.06114505]
[-107.08855723]
[-107.09936008]
[-107.0623397]
[-107.06968774]
[-107.19102284]
[-107.07130799]
[-107.12747078]
[-107.09188818]
[-107.04933395]
[-107.13463392]
[-107.24538955]
[-107.08876809]
[-107.09557246]
[-107.17096252]
[-107.13667011]
[-107.10480072]
[-107.09422928]
[-107.09178968]
[-106.94017112]
[-107.03876121]
[-107.20271922]
[-107.05170306]
[-106.96990606]
[-107.19200313]
[-106.96574612]
[-106.9812111]
[-107.1871505]
[-107.09582756]
[-107.10878575]
[-107.07748007]
[-107.12738926]
[-107.0573537]
[-107.02526537]
[-107.12700594]
[-107.1475819]
[-107.16275067]
[-107.17537519]
[-106.9846211]
[-107.1027028]
[-107.14794136]
[-106.86481857]
[-107.04410671]
[-107.03192169]
[-107.05957821]
[-107.03920419]
[-107.12432939]
[-107.07194908]
[-107.02309476]
[-107.08471918]
[-106.98392927]
[-106.79237912]
[-107.10839147]
[-107.15748997]
[-107.11352114]
[-107.11330491]
[-107.1063146]
[-107.04873358]
[-107.14977806]
[-107.15029421]
[-107.08501936]
[-107.14188972]
[-107.07966646]
[-107.02623163]
[-107.04698987]
[-107.09785726]
[-107.05567655]
[-107.0959069]
[-107.06774893]
[-107.19837909]
[-107.07967076]
[-106.91676688]
[-107.10354444]
[-107.03000591]
[-107.14019328]
[-107.10627193]
[-107.16956483]
[-107.07708]
[-107.16036057]
[-107.07585681]
[-107.11700153]
[-107.14286436]
[-107.1461784]
[-107.07863326]
[-107.16419713]
[-107.2054802]
[-107.2025657]
[-107.12076911]
[-106.99376807]
[-107.06555079]
[-107.09297287]
[-107.0592745]
[-107.12159386]
[-107.13504242]
[-107.10308407]
[-107.02951705]
[-107.16532894]
[-107.07936096]
[-107.05693464]
[-107.08546342]
[-107.08154834]
[-107.07855041]
[-107.03367614]
[-107.1210664]
[-106.92464907]
[-107.17275236]
[-107.10531862]
[-107.10490375]
[-107.07326323]
[-107.09899642]
[-107.07299481]
[-107.03872911]
[-107.06113839]
[-107.15049486]
[-106.97668686]
[-107.05517772]
[-107.1741713]
[-107.09909132]
[-107.05428046]
[-107.10208773]
[-107.20143522]
[-107.19187277]
[-107.07608052]
[-106.74615621]
[-107.06132348]
[-106.94173495]
[-107.10188708]
[-107.06487688]
[-107.02283095]
[-107.15816886]
[-107.17810823]
[-106.84419178]
[-107.15127108]
[-107.11813937]
[-106.82787084]
[-107.06332524]
[-107.15906771]
[-107.13213782]
[-107.09427576]
[-107.09799231]
[-106.99953072]
[-107.06360706]
[-107.01129848]
[-107.12050907]
[-107.08327618]
[-107.19556259]
[-107.1144833]
[-107.17922021]
[-107.09165967]
[-106.39564943]
[-107.01906589]
[-107.03046881]
[-106.99703902]
[-107.19238335]
[-107.09955181]
[-107.15259138]
[-107.16338246]
[-107.14329968]
[-107.02935638]
[-107.10633479]
[-107.06150069]
[-106.99927655]
[-107.01519076]
[-107.08824832]
[-107.06400599]
[-107.01688986]
[-107.07921689]
[-107.05699677]
[-107.10361191]
[-107.14302372]
[-107.22681378]
[-107.1295748]
[-107.05452479]
[-107.11845133]
[-107.1476532]
[-107.14816874]
[-107.081789]
[-107.09031206]
[-107.0846501]
[-107.17312996]
[-106.98133384]
[-106.99444584]
[-107.20993274]
[-107.1582782]
[-107.1391998]
[-107.1943692]
[-107.0754021]
[-107.07319563]
[-107.10356439]
[-107.12766761]
[-106.99538314]
[-107.13765222]
[-107.14874909]
[-107.04623396]
[-106.87564376]
[-107.15710382]
[-107.09673294]
[-107.14542646]
[-107.01637044]
[-107.11004234]
[-107.07336119]
[-107.16227851]
[-106.82885422]
[-107.16476834]
[-107.07317278]
[-107.09826632]
[-107.14947333]
[-107.13116165]
[-107.05300875]
[-107.04842644]
[-107.09866288]
[-107.20724527]
[-107.14804573]
[-107.10358237]
[-107.12877684]
[-107.09406886]
[-107.13297428]
[-107.10196312]
[-107.07142105]
[-107.16985285]
[-107.09513284]
[-107.09125302]
[-107.14571451]
[-106.93050431]
[-106.80870598]
[-106.99029463]
[-106.96867134]
[-107.04319074]
[-107.14081204]
[-107.08174978]
[-107.09827986]
[-107.07074133]
[-107.13304129]
[-107.10684299]
[-107.12471883]
[-106.99121246]
[-107.04781936]
[-107.14604745]
[-107.16253643]
[-107.15540189]
[-107.03400984]
[-107.11495217]
[-106.96586547]
[-107.07196759]
[-107.06385687]
[-107.22988551]
[-107.06997484]
[-107.08832409]
[-107.02122786]
[-107.04677069]
[-106.44202436]
[-107.05036779]
[-107.10191093]
[-107.10954985]
[-107.04285976]
[-107.14938465]
[-107.16266521]
[-107.22168833]
[-107.04107474]
[-107.09923861]
[-107.17740092]
[-107.035533]
[-107.17430285]
[-106.859197]
[-107.12062991]
[-107.14237105]
[-106.70655987]
[-107.04450646]
[-107.11351625]
[-107.06021001]
[-107.13663748]
[-107.15371844]
[-107.04456802]
[-106.66723761]
[-107.08655449]
[-107.06958031]
[-107.11341099]
[-107.1643336]
[-107.11373884]
[-107.15467911]
[-107.09446177]
[-107.10500981]
[-107.05396521]
[-107.17090433]
[-107.0609514]
[-107.10476496]
[-106.87646098]
[-107.14240211]
[-106.95736483]
[-107.01094144]
[-107.02307543]
[-107.17131945]
[-107.03861989]
[-107.16102784]
[-107.22133697]
[-107.09355216]
[-107.13278699]
[-107.10492929]
[-107.00364568]
[-107.00978512]
[-107.21919712]
[-107.09849495]
[-107.14245427]
[-107.05778442]
[-107.12711215]
[-107.11507937]
[-107.19255793]
[-107.10534356]
[-107.10951533]
[-107.14566012]
[-106.98607091]
[-107.20897124]
[-107.1710772]
[-107.1047438]
[-107.01691147]
[-107.10831898]
[-107.06111046]
[-106.96528875]
[-107.14508558]
[-107.0374133]
[-107.01049453]
[-107.10122949]
[-107.04368628]
[-107.10168518]
[-107.03499847]
[-107.09473491]
[-107.06130686]
[-107.15431261]
[-107.20408716]
[-106.94437797]
[-107.10647366]
[-107.10777517]
[-107.00909722]
[-107.05696489]
[-107.12178512]
[-107.14683701]
[-107.0625155]
[-107.04900782]
[-107.04989351]
[-107.00736213]
[-106.6079109]
[-107.12290473]
[-106.70021617]
[-107.16389163]
[-107.08630482]
[-107.08909599]
[-107.07668308]
[-107.0717475]
[-107.10454915]
[-107.04615553]
[-107.10811997]
[-107.09211446]
[-107.09184982]
[-107.11855884]
[-107.03146546]
[-107.06349214]
[-107.03450893]
[-107.14732578]
[-107.073603]
[-107.12267487]
[-107.0693073]
[-107.00046603]
[-107.07609556]
[-106.88522024]
[-107.08401798]
[-107.10644128]
[-107.07971252]
[-106.95475075]
[-107.01362545]
[-107.08470244]
[-107.07294915]
[-107.06654882]
[-107.05190231]
[-107.07537467]
[-107.13335441]
[-107.12351925]
[-107.08419093]
[-107.16387574]
[-107.10824586]
[-107.0261042]
[-107.06053379]
[-107.17784171]
[-107.15009786]
[-107.05161061]
[-107.07212555]
[-107.0991575]
[-107.14180422]
[-107.01442376]
[-106.99901541]
[-107.0621865]
[-107.14617257]
[-107.07783431]
[-107.13647042]
[-106.88954352]
