[-109.82795342]
[-109.88939052]
[-109.89502237]
[-109.90630107]
[-109.66631464]
[-109.82858842]
[-109.85499191]
[-109.94668724]
[-109.92764304]
[-109.88180583]
[-109.8242899]
[-109.92561937]
[-109.92775333]
[-109.98522549]
[-109.86759133]
[-109.91082713]
[-109.86934504]
[-109.77984211]
[-109.88910087]
[-109.87642094]
[-110.01626944]
[-109.96352743]
[-109.89474005]
[-109.93761469]
[-109.88100169]
[-110.00955974]
[-109.64872231]
[-109.92678772]
[-109.90137944]
[-110.017115]
[-109.97536452]
[-109.83002667]
[-109.97546426]
[-109.99261732]
[-109.72776943]
[-109.83277797]
[-109.8643316]
[-109.88491828]
[-109.91016935]
[-109.95847186]
[-109.88600273]
[-109.91917063]
[-109.96332729]
[-109.67029855]
[-109.80170262]
[-109.70399221]
[-109.34422486]
[-109.95261795]
[-109.821012]
[-110.02896042]
[-109.9648764]
[-109.94601462]
[-109.47213816]
[-109.9572083]
[-109.72833758]
[-109.89355734]
[-109.47854519]
[-109.73752922]
[-109.95348276]
[-109.84226775]
[-109.83403764]
[-109.97155236]
[-109.88721888]
[-109.8784101]
[-109.76201631]
[-109.35257825]
[-109.96320741]
[-109.91220419]
[-109.84921014]
[-109.97258731]
[-109.97268719]
[-109.91581064]
[-109.99190741]
[-109.99147934]
[-109.83327349]
[-109.96280828]
[-109.98255655]
[-110.00726532]
[-109.93489375]
[-109.94931172]
[-109.7697913]
[-109.9631179]
[-109.95999598]
[-109.8098168]
[-109.9317058]
[-109.91920457]
[-109.91275376]
[-109.89213674]
[-109.82148591]
[-109.90049236]
[-109.94836777]
[-109.71015152]
[-109.66588976]
[-109.9300573]
[-109.87792119]
[-109.82731471]
[-109.92628706]
[-109.89853917]
[-109.82663501]
[-109.98130509]
[-109.93671036]
[-110.03807333]
[-109.94458056]
[-109.68598901]
[-109.82682952]
[-109.90989047]
[-109.85104779]
[-109.9511116]
[-109.60660884]
[-109.96943149]
[-109.97204572]
[-109.93158984]
[-109.9912081]
[-109.90164844]
[-109.90695362]
[-109.9566188]
[-109.88743709]
[-109.64191109]
[-109.88125395]
[-109.9536145]
[-109.76781566]
[-109.85771032]
[-109.95136477]
[-109.8519619]
[-109.74649633]
[-109.91114634]
[-109.86278563]
[-109.95394608]
[-109.78885122]
[-109.81973591]
[-109.88686873]
[-109.63584614]
[-109.93495443]
[-109.82953448]
[-109.86741618]
[-109.9261607]
[-109.94749053]
[-109.95716743]
[-109.71173335]
[-109.83586168]
[-109.95679638]
[-109.90426536]
[-109.88244735]
[-109.80792033]
[-109.72692759]
[-109.9298439]
[-109.87862728]
[-109.88656795]
[-110.01406106]
[-109.80079527]
[-109.84067173]
[-109.86696034]
[-109.84512768]
[-109.92730987]
[-109.90764059]
[-109.94902883]
[-110.0416654]
[-110.02050088]
[-109.6428619]
[-109.98670024]
[-109.99321999]
[-109.93713437]
[-109.87068739]
[-109.83672606]
[-109.89458175]
[-109.89201176]
[-109.9109013]
[-109.84682522]
[-109.9129011]
[-109.94024965]
[-109.89683644]
[-109.89606025]
[-109.90244869]
[-109.88773926]
[-109.92664442]
[-109.88599308]
[-109.92786982]
[-109.8284692]
[-109.90542355]
[-109.86062058]
[-109.96220437]
[-109.98184505]
[-109.88827394]
[-109.92292968]
[-109.95992703]
[-109.88635335]
[-109.91720678]
[-110.00214228]
[-109.93952975]
[-109.83229278]
[-109.62005638]
[-109.76018647]
[-109.94316765]
[-109.92579983]
[-109.92735854]
[-109.81839094]
[-109.88913998]
[-109.54192138]
[-109.50814233]
[-109.9752317]
[-109.93064959]
[-110.01079183]
[-110.02003057]
[-109.74064307]
[-109.94490972]
[-109.96328556]
[-109.83298228]
[-109.99803939]
[-109.93880511]
[-109.57791474]
[-109.49696666]
[-109.92112529]
[-109.98847203]
[-109.88398597]
[-109.95995749]
[-109.88214477]
[-109.80071988]
[-109.8936685]
[-109.89015646]
[-109.95303935]
[-109.77473845]
[-109.83512498]
[-109.92878142]
[-109.89674285]
[-109.94374511]
[-109.74935393]
[-109.94613262]
[-109.83415872]
[-109.92612883]
[-109.97448621]
[-109.57094331]
[-109.77978677]
[-109.92081019]
[-109.8711664]
[-109.87818449]
[-109.90615406]
[-109.82786601]
[-109.78264048]
[-109.88763311]
[-109.94965524]
[-109.93303991]
[-109.72358686]
[-109.96539622]
[-109.84146672]
[-109.9078772]
[-109.85653608]
[-109.89054645]
[-109.99959904]
[-109.91943709]
[-109.91853507]
[-109.93625003]
[-109.83976086]
[-109.88669889]
[-109.77299465]
[-109.92733221]
[-109.83778425]
[-109.85280985]
[-109.22499823]
[-109.90549216]
[-109.98586692]
[-109.93277237]
[-109.95742665]
[-109.50322789]
[-109.21100628]
[-109.94025264]
[-109.94619748]
[-109.92384035]
[-109.97427426]
[-109.87918139]
[-109.92499021]
[-109.94229817]
[-109.8922778]
[-109.99924606]
[-109.97292171]
[-109.97417911]
[-109.9714011]
[-109.89621832]
[-109.91138069]
[-109.93572363]
[-109.8708695]
[-109.86119508]
[-109.64790678]
[-109.90786782]
[-109.88687001]
[-109.94991916]
[-109.91787423]
[-109.86416085]
[-109.86101019]
[-109.93962943]
[-109.88998022]
[-109.93233428]
[-109.84646708]
[-109.98566487]
[-109.66959343]
[-109.88766812]
[-109.89869819]
[-109.89717829]
[-109.88707771]
[-109.82496297]
[-109.93692128]
[-110.00995536]
[-109.92883746]
[-109.67821364]
[-109.9453367]
[-109.86883312]
[-109.8420021]
[-109.91001271]
[-109.85426987]
[-109.9681889]
[-109.85778479]
[-109.96697768]
[-109.88745568]
[-109.93747345]
[-109.92431328]
[-109.97431198]
[-109.85425691]
[-109.8725302]
[-109.92191752]
[-109.96198588]
[-109.87956726]
[-109.88815546]
[-109.81178297]
[-109.90546788]
[-109.73350932]
[-109.85578876]
[-109.94087032]
[-109.87705107]
[-109.8394382]
[-109.90267858]
[-109.9824008]
[-109.87455626]
[-109.94503715]
[-109.91539466]
[-109.93701522]
[-109.74896931]
[-109.72605703]
[-109.89000145]
[-109.94619486]
[-109.95659135]
[-109.71089585]
[-109.77356214]
[-109.85743977]
[-109.92102319]
[-109.93052823]
[-109.87564879]
[-109.97135665]
[-109.9901744]
[-109.43556643]
[-109.92864325]
[-109.96761249]
[-109.9595122]
[-109.8966384]
[-109.91598376]
[-109.82542867]
[-109.77217518]
[-109.87857822]
[-109.85166199]
[-109.92024858]
[-109.87991561]
[-109.89057511]
[-109.93676422]
[-109.9577465]
[-109.99212313]
[-109.89673848]
[-109.9480755]
[-109.881502]
[-109.88993614]
[-109.96539849]
[-109.87439797]
[-109.87409859]
[-109.96125204]
[-109.94077483]
[-109.98491716]
[-109.94298626]
[-109.94890612]
[-109.86304417]
[-109.96184159]
[-109.78909677]
[-110.00564751]
[-109.89822705]
[-110.05726044]
[-109.97180594]
[-109.93627003]
[-110.00940103]
[-109.92844051]
[-109.95697221]
[-109.93209196]
[-109.82508132]
[-109.96451946]
[-109.95609376]
[-109.71280994]
[-109.77501359]
[-109.80025047]
[-110.00943278]
[-109.81287439]
[-109.96997826]
[-110.02344063]
[-109.87367934]
[-109.42403837]
[-109.93823013]
[-109.94864828]
[-109.93393193]
[-109.8387737]
[-109.80081512]
[-109.96890282]
[-109.86313337]
[-109.8601148]
[-109.58104433]
[-109.87696363]
[-109.93993447]
[-109.8919202]
[-109.80390113]
[-110.01417767]
[-109.88324129]
[-109.73473945]
[-109.90077925]
[-109.87876938]
[-109.93122938]
[-109.97541975]
[-109.95277587]
[-109.79842654]
[-109.86603002]
[-109.66352399]
[-109.92187282]
[-109.96071692]
[-109.88655124]
[-109.77699021]
[-109.89737971]
[-109.99665242]
[-109.87765101]
[-109.92964811]
[-109.91158849]
[-109.9606292]
[-109.84266365]
[-109.70403914]
[-109.94444344]
[-109.96183746]
[-109.87135604]
[-109.93320393]
[-109.9756886]
[-109.92418591]
[-109.90364173]
[-109.87536149]
[-109.96690174]
[-109.9418722]
[-109.97729327]
[-109.97258996]
[-109.37667679]
[-109.96105026]
[-109.9674131]
[-110.03352306]
[-109.76840274]
[-109.94418331]
[-109.96164664]
[-109.90242505]
[-109.87819739]
[-109.3120955]
[-109.90778311]
[-109.93230612]
[-110.01558258]
[-109.57214992]
[-109.98273667]
[-109.96875908]
[-110.0062872]
[-109.8776735]
[-109.92080747]
[-109.45720956]
[-110.03666143]
[-109.98357001]
[-110.04136705]
[-109.87327113]
[-109.63296149]
[-109.89336504]
[-109.86799437]
[-109.91028894]
[-109.83571681]
[-109.77360548]
[-109.89186994]
[-109.8773748]
[-110.02600118]
[-109.84509438]
[-109.8214269]
[-109.84307744]
[-109.90169283]
[-109.95675243]
[-109.88931996]
[-109.94290064]
[-109.86992544]
[-109.84187946]
[-109.41938094]
[-109.8655894]
[-109.81533513]
[-109.77649843]
[-109.95809949]
[-109.90135575]
[-109.9453748]
[-109.31295456]
[-109.81010356]
[-109.93929354]
[-109.89476831]
[-109.96134903]
[-109.85277889]
[-109.90844837]
[-109.7021347]
[-109.8524313]
[-109.99140501]
[-109.96415912]
[-109.9707677]
[-109.85900819]
[-109.92606889]
[-109.99483543]
[-109.97104928]
[-109.96253593]
[-109.85904549]
[-109.70989905]
[-109.68479957]
[-109.87155056]
[-109.94293145]
[-109.66561671]
[-109.934526]
[-109.89171288]
[-109.77210157]
[-109.89915918]
[-109.9431618]
[-109.94634821]
[-109.86110469]
[-109.90259188]
[-109.92910309]
[-109.85911152]
[-109.81531646]
[-109.95747415]
[-109.97509018]
[-109.74952316]
[-109.96289823]
[-109.9515957]
[-109.86081285]
[-109.90262875]
[-109.92494228]
[-110.05439393]
[-109.99064695]
[-109.95445332]
[-109.92995771]
[-109.93322259]
[-109.853669]
[-109.90400537]
[-109.67392136]
[-109.86948037]
[-109.99523734]
[-110.03261726]
[-109.91652558]
[-109.87876229]
[-109.90890657]
[-109.90762465]
[-109.99110455]
[-109.9302706]
[-109.15350508]
[-109.81474539]
[-110.01834723]
[-109.8916961]
[-109.96256621]
[-109.89357457]
[-109.73383062]
[-109.690641]
[-110.03433061]
[-109.99441597]
[-109.87579658]
[-109.63466888]
[-109.84125627]
[-109.93789734]
[-109.96071348]
[-109.94258167]
[-109.92396868]
[-110.02991266]
[-109.98709521]
[-109.93955314]
[-109.99648774]
[-109.73937958]
[-109.97110091]
[-110.0578735]
[-110.11819346]
[-109.89755533]
[-109.94008646]
[-109.98581238]
[-109.97793833]
[-109.92210896]
[-109.83954011]
[-109.90973162]
[-109.99781746]
[-109.92964621]
[-109.72815844]
[-109.90705672]
[-109.97731983]
[-109.95424503]
[-109.89865037]
[-109.99669926]
[-109.92345676]
[-109.9436349]
[-110.02395516]
[-109.94143899]
[-109.92739725]
[-109.88379755]
[-109.95685709]
[-109.98653007]
[-109.9750965]
[-109.93435041]
[-109.89570852]
[-109.83636394]
[-109.99349207]
[-109.89373663]
[-109.38619294]
[-110.0412673]
[-109.98739027]
[-109.98582161]
[-109.79432121]
[-109.9733079]
[-109.95050569]
[-109.98359983]
[-110.05272412]
[-109.96755974]
[-109.95494132]
[-109.88736922]
[-110.0303043]
[-110.08410489]
[-109.87538531]
[-109.97021174]
[-109.8323864]
[-109.9042792]
[-109.99606482]
[-109.96521292]
[-110.03380163]
[-110.06752455]
[-109.89233235]
[-109.85290917]
[-109.93228523]
[-109.98440402]
[-109.97697966]
[-109.99052091]
[-110.00236938]
[-109.93918419]
[-109.94466498]
[-110.00105928]
[-110.01750445]
[-109.81253366]
[-109.86851098]
[-110.01678636]
[-110.0005689]
[-109.98319951]
[-109.94955185]
[-109.98505185]
[-109.78171199]
[-109.72053296]
[-109.99248204]
[-109.74586899]
[-110.07488745]
[-110.0507473]
[-109.75396427]
[-108.99382397]
[-109.92473096]
[-110.06943562]
[-109.95450796]
[-109.98638209]
[-110.01616472]
[-109.95201659]
[-109.80337952]
[-109.98853269]
[-109.98338359]
[-109.81401476]
[-109.95642351]
[-109.95975294]
[-109.97608258]
[-110.01673742]
[-109.77500401]
[-109.81190176]
[-110.00922883]
[-110.01264174]
[-109.97524723]
[-110.00751268]
[-109.9421179]
[-109.92941]
[-109.9882738]
[-109.92866343]
[-110.06657123]
[-110.02284128]
[-109.99922768]
[-109.92612263]
[-109.91706227]
[-109.87102876]
[-109.92003666]
[-109.95722869]
[-109.86185748]
[-109.28146917]
[-109.76104699]
[-109.976111]
[-109.97894975]
[-110.06714988]
[-109.77547621]
[-109.57656033]
[-109.96600283]
[-109.98974594]
[-110.03878583]
[-109.94026862]
[-109.97243161]
[-109.90443099]
[-109.89274647]
[-109.99907969]
[-110.06695017]
[-109.94555034]
[-108.92550511]
[-109.98523157]
[-109.92261416]
[-109.81123354]
[-109.87966044]
[-110.0296145]
[-109.99538762]
[-109.86198257]
[-110.04886948]
[-109.99559579]
[-109.98082327]
[-110.01204968]
[-109.81886069]
[-109.94990663]
[-109.96330174]
[-109.34411391]
[-109.48331771]
[-109.9770153]
[-110.02035237]
[-109.99262576]
[-109.99279432]
[-109.93803714]
[-109.834188]
[-110.03319089]
[-109.90107206]
[-109.8919602]
[-109.98094247]
[-110.02391107]
[-109.89534121]
[-109.95326593]
[-109.57922855]
[-110.04193895]
[-110.06309955]
[-110.01111539]
[-109.71467395]
[-109.92821997]
[-109.77704779]
[-109.84713835]
[-109.73551257]
[-109.97817317]
[-109.7998579]
[-109.94277053]
[-110.03478639]
[-109.99746797]
[-109.97931582]
[-110.00633234]
[-110.03263517]
[-109.96700377]
[-109.91847577]
[-109.92466819]
[-109.97414711]
[-109.90498123]
[-109.92121651]
[-110.00549578]
[-109.81318823]
[-109.85533267]
[-109.97196058]
[-110.02402394]
[-109.99784665]
[-109.97694579]
[-109.81662929]
[-109.97849751]
[-110.04727744]
[-109.99493485]
[-109.90858594]
[-109.99312918]
[-110.03652154]
[-110.00280013]
[-110.0372057]
[-109.98369435]
[-110.04534902]
[-110.01590031]
[-109.50170447]
[-109.80449594]
[-109.86262954]
[-109.88896578]
[-110.03916252]
[-109.98183985]
[-110.04979878]
[-110.06677353]
[-110.01153031]
[-109.98914425]
[-109.87093813]
[-109.80176562]
[-109.99102855]
[-109.99733474]
[-109.87366922]
[-109.99285326]
[-109.78783517]
[-109.96016127]
[-109.99161447]
[-109.7877604]
[-109.89335087]
[-109.97599361]
[-110.02221127]
[-109.94418242]
[-109.89993216]
[-109.95611145]
[-110.046777]
[-109.74966744]
[-109.84870468]
[-109.92772262]
[-109.94872024]
[-109.95390297]
[-110.04526208]
[-109.98767362]
[-109.92706427]
[-110.00475314]
[-109.93830783]
[-109.9883594]
[-109.90892858]
[-109.96440148]
[-110.03249667]
[-109.80989789]
[-109.8815867]
[-109.93390653]
[-109.93343736]
[-110.02808558]
[-110.02556984]
[-109.92993282]
[-109.95743471]
[-109.97806809]
[-109.95988693]
[-109.98237555]
[-109.69611795]
[-109.92257871]
[-110.06214944]
[-109.79004334]
[-109.9111967]
[-110.02099982]
[-109.74331774]
[-109.91478654]
[-109.84527457]
[-110.00589928]
[-109.7198279]
[-109.96042454]
[-110.07628679]
[-109.98007961]
[-109.5689138]
[-109.56534064]
[-109.9439261]
[-109.98378142]
[-109.96929527]
[-109.93024945]
[-109.92938627]
[-109.89298914]
[-109.97023977]
[-109.97041634]
[-109.96307375]
[-109.9469851]
[-109.93488018]
[-110.01235837]
[-109.93326113]
[-109.94691772]
[-109.89228149]
[-109.88634191]
[-109.91268426]
[-109.62717352]
[-109.95957801]
[-109.90855491]
[-109.96039341]
[-109.88375718]
[-109.92747083]
[-109.97561581]
[-110.03412084]
[-109.89048229]
[-109.7724581]
[-109.64922018]
[-109.91788469]
[-109.85848811]
[-110.00981679]
[-109.92790549]
[-109.95116611]
[-109.93793197]
[-110.0238877]
[-109.59676726]
[-109.80424519]
[-109.51014675]
[-110.02878334]
[-109.86970118]
[-109.85056338]
[-109.3379613]
[-109.96784821]
[-109.87562538]
[-110.03678694]
[-109.9670845]
[-110.01041084]
[-110.08647565]
[-109.86736096]
[-109.55118134]
[-109.97185326]
[-109.45959803]
[-110.01002769]
[-109.89209766]
[-109.90365229]
[-109.988271]
[-109.66108712]
[-109.93721006]
[-110.00581861]
[-109.88034745]
[-109.94751599]
[-110.02663489]
[-109.78842036]
[-109.79208031]
[-109.95471433]
[-109.99561683]
[-109.0210225]
[-109.75586414]
[-109.99289268]
[-109.88911482]
[-109.67580789]
[-110.02433451]
[-109.73470721]
[-109.81851999]
[-110.0445029]
[-109.9671167]
[-109.98656738]
[-109.5221291]
[-109.97516594]
[-109.78741559]
[-109.88004532]
[-110.01840649]
[-109.94446805]
[-109.91260318]
[-109.97977131]
[-109.62866214]
[-109.74399907]
[-109.91853192]
[-109.92951338]
[-108.88164359]
[-109.91453497]
[-109.75184558]
[-107.08074685]
[-109.68924875]
[-109.90223728]
[-109.93048107]
[-110.01812783]
[-109.80475375]
[-109.01310192]
[-109.85858191]
[-110.03686577]
[-110.05094652]
[-110.00686865]
[-110.00283131]
[-109.95563989]
[-109.90377744]
[-109.86285078]
[-109.98167243]
[-110.01672372]
[-109.72705729]
[-109.78467694]
[-109.94050555]
[-109.97853413]
[-109.94243933]
[-109.84646406]
[-110.03078082]
[-109.95245233]
[-110.00112229]
[-109.97385271]
[-109.97009241]
[-109.71935293]
[-110.03100685]
[-109.95582205]
[-110.01197296]
[-109.83889275]
[-109.90251866]
[-110.00320243]
[-109.12513249]
[-109.91710921]
[-109.95415102]
[-109.93222632]
[-110.05374653]
[-109.82394155]
[-109.9365556]
[-109.68826091]
[-109.99181936]
[-109.97863668]
[-109.6405802]
[-109.95135975]
[-109.92883788]
[-110.00438784]
[-109.87975276]
[-109.94866421]
[-109.80679644]
[-109.25848391]
[-109.99446553]
[-109.97814969]
[-109.93747043]
[-109.91223409]
[-109.8426449]
[-109.99163155]
[-109.95598477]
[-109.78000114]
[-109.9887285]
[-109.76516669]
[-110.02784322]
[-110.03053787]
[-109.98109597]
[-109.90950307]
[-109.94455919]
[-109.72563038]
[-109.94245035]
[-109.97499543]
[-109.89662829]
[-109.82289358]
[-109.72068822]
[-109.77428664]
[-109.38087941]
[-110.02660771]
[-109.72602029]
[-109.3592982]
[-109.93946332]
[-109.99540501]
[-109.98538643]
[-110.03069832]
[-109.84337362]
[-110.00492394]
[-109.98120071]
[-108.24744759]
[-109.90174445]
[-110.01704748]
[-109.85943626]
[-109.99196848]
[-109.97568859]
[-109.92194812]
[-109.91258829]
[-109.99505135]
[-109.95477555]
[-109.97237702]
[-109.67668003]
[-109.93308908]
[-109.94614303]
[-109.95246486]
[-109.99488071]
[-109.99306425]
[-109.83072698]
[-109.75493034]
[-109.94211883]
[-109.98226921]
[-110.01048697]
[-109.85127109]
[-109.91567381]
[-109.91470497]
[-109.87365593]
[-110.00320045]
[-109.96348812]
[-109.97979857]
[-109.96717878]
[-109.94427238]
[-109.80648467]
[-109.79618267]
[-109.93426186]
[-109.8751634]
[-109.63778097]
[-109.94475807]
[-109.87419358]
[-109.94592911]
[-109.86460169]
[-109.95626495]
[-109.94217023]
[-109.96227185]
[-109.95556505]
[-109.93675686]
[-109.9002545]
[-110.0230961]
[-110.02207174]
[-109.95674948]
[-110.02969112]
[-109.91189598]
[-109.80740644]
[-109.90527437]
[-109.9853361]
[-110.02692092]
[-109.92733977]
[-109.91027325]
[-109.78329259]
[-109.95875448]
[-109.79580852]
[-109.97553635]
[-109.96977723]
[-110.01836251]
[-109.96459395]
[-109.89772045]
[-109.93880002]
[-110.0081687]
[-109.91272801]
[-109.94417902]
[-109.97231298]
[-110.01406534]
[-110.04168854]
[-109.95930311]
[-109.95347169]
[-109.99765956]
[-109.77115454]
[-109.93257463]
[-109.89240388]
[-109.9540224]
[-109.88492025]
[-109.96134493]
[-109.85592824]
[-109.88828275]
[-109.93089403]
[-109.74446951]
[-109.77521186]
[-109.82308417]
[-110.00054159]
[-109.95357465]
[-109.92660475]
[-109.91548506]
[-109.96039115]
[-108.91564975]
[-109.62037085]
[-109.95863601]
[-110.05206625]
[-109.96039125]
[-109.91839451]
[-109.91006625]
[-109.96253727]
[-109.96119568]
[-109.94844295]
[-109.94525109]
[-109.95530405]
[-109.84672118]
[-109.93965309]
[-109.96694271]
[-109.86094924]
[-109.96654558]
[-110.01377373]
[-109.93425143]
[-109.93002529]
[-109.90922876]
[-109.87503789]
[-110.01720059]
[-109.93189558]
[-109.99542322]
[-109.97443543]
[-109.97316868]
[-109.8595029]
[-109.65091432]
[-109.93502101]
[-109.94038724]
[-110.01528932]
[-110.0083007]
[-109.84266839]
[-109.96251699]
[-109.92720163]
[-109.72775871]
[-109.12990377]
[-109.73043683]
[-109.90885477]
[-109.43913171]
[-109.72627565]
[-109.91974578]
[-109.97775037]
[-109.81380698]
[-109.94046178]
[-109.65242377]
[-110.01085574]
[-109.91027975]
[-110.01171388]
[-109.82244559]
[-108.91613013]
[-110.04646236]
[-109.83023088]
[-109.77854198]
[-109.88683771]
[-109.9257617]
[-109.88431716]
[-109.95314826]
[-110.01879018]
[-109.92016424]
[-110.01170798]
[-109.93244582]
[-109.94852125]
[-109.90308314]
[-109.96784884]
[-110.00581975]
[-110.00341915]
[-109.91246159]
[-109.98335352]
[-109.85132976]
[-110.0616984]
[-109.89193717]
[-109.98408621]
[-110.0256146]
[-109.84810228]
[-110.08376379]
[-109.95810086]
[-109.85913965]
[-109.92642157]
[-109.90638663]
[-109.93279988]
[-109.93237399]
