[-77.30260927]
[-77.46053393]
[-77.6167313]
[-77.61021811]
[-77.45829078]
[-77.49479541]
[-77.57965178]
[-77.49115523]
[-77.54921627]
[-77.57091565]
[-77.44266278]
[-77.48604992]
[-77.32736472]
[-77.55771534]
[-77.46244402]
[-77.42751991]
[-77.35371149]
[-77.72931931]
[-77.63436335]
[-77.41205591]
[-77.60823953]
[-77.60991156]
[-77.45212511]
[-77.3665602]
[-77.57882508]
[-77.51307637]
[-77.22506018]
[-77.70115296]
[-77.45296968]
[-77.50689433]
[-77.59996949]
[-77.50444697]
[-77.66143791]
[-77.46052705]
[-77.42790426]
[-77.73662821]
[-77.55722416]
[-77.54635104]
[-77.55238898]
[-77.55152261]
[-77.79164523]
[-77.65223342]
[-77.6242448]
[-77.33766353]
[-77.40342246]
[-77.36445266]
[-77.43524517]
[-77.5682504]
[-77.31630214]
[-77.54357522]
[-77.44737608]
[-77.47361524]
[-77.55066874]
[-77.3128698]
[-77.51823693]
[-77.42962809]
[-77.41862758]
[-77.45863379]
[-77.53606409]
[-77.53727223]
[-77.73755264]
[-77.20488531]
[-77.55825684]
[-77.69079783]
[-77.45807767]
[-77.6081922]
[-77.84090901]
[-77.76827691]
[-77.5541864]
[-77.68417769]
[-77.57177105]
[-77.49959031]
[-77.53089352]
[-77.32125371]
[-77.60410769]
[-77.69845874]
[-77.49562679]
[-77.72133045]
[-77.71690505]
[-77.76847468]
[-77.58450365]
[-77.70551632]
[-77.51742858]
[-77.50528091]
[-77.48460778]
[-77.8282446]
[-77.82913285]
[-77.56580017]
[-77.56864142]
[-77.48264655]
[-77.23980425]
[-77.32734525]
[-77.38386817]
[-77.47463563]
[-77.34043035]
[-77.53528534]
[-77.45161423]
[-77.42886089]
[-77.57713427]
[-77.59317394]
[-77.57175698]
[-77.39351987]
[-77.60599821]
[-77.52606732]
[-77.66840181]
[-77.77127777]
[-77.58666376]
[-77.7492781]
[-77.44145404]
[-77.53387327]
[-77.44699918]
[-77.29944105]
[-77.42839041]
[-77.48063244]
[-77.38889212]
[-77.3712623]
[-77.48591009]
[-77.60993022]
[-77.51259668]
[-77.49974193]
[-77.71291435]
[-77.73587933]
[-77.79693171]
[-77.43390553]
[-77.75493003]
[-77.74366627]
[-77.66216707]
[-77.77007728]
[-77.70333425]
[-77.7330692]
[-77.62177793]
[-77.41977775]
[-77.63571575]
[-77.39111084]
[-77.49023828]
[-77.50294296]
[-77.4605921]
[-77.72309664]
[-77.44118597]
[-77.48471947]
[-77.71571291]
[-77.5278305]
[-77.68338033]
[-77.62962145]
[-77.51267343]
[-77.60473696]
[-77.51762363]
[-77.62900512]
[-77.47909424]
[-77.59200862]
[-77.54897239]
[-77.67118708]
[-77.61886966]
[-77.57299792]
[-77.56210877]
[-77.42053358]
[-77.56414704]
[-77.54020345]
[-77.42283761]
[-77.65752011]
[-77.39800224]
[-77.5141781]
[-77.77489909]
[-77.48325705]
[-77.54473309]
[-77.34438344]
[-77.44380942]
[-77.47946324]
[-77.49264648]
[-77.57847856]
[-77.53584721]
[-77.80163041]
[-77.63634175]
[-77.66759594]
[-77.47555024]
[-77.55495782]
[-77.55450679]
[-77.46654317]
[-77.50586758]
[-77.46105028]
[-77.42069491]
[-77.37606662]
[-77.28029709]
[-77.59308341]
[-77.42966635]
[-77.28106828]
[-77.30292757]
[-77.48611415]
[-77.41001169]
[-77.38424752]
[-77.34452607]
[-77.50519389]
[-77.65873805]
[-77.57529498]
[-77.45097004]
[-77.461641]
[-77.39233304]
[-77.66646537]
[-77.6808454]
[-77.37976794]
[-77.38530471]
[-77.41072775]
[-77.34033117]
[-77.47743279]
[-77.53446803]
[-77.36429072]
[-77.36405951]
[-77.50012701]
[-77.54258218]
[-77.64654842]
[-77.70726511]
[-77.72747007]
[-77.83763856]
[-77.87438465]
[-77.79888253]
[-77.60418595]
[-77.46404233]
[-77.50891377]
[-77.52229545]
[-77.53134161]
[-77.45587437]
[-77.24749021]
[-77.29210895]
[-77.38902684]
[-77.34706541]
[-77.33573749]
[-77.33826516]
[-77.34573767]
[-77.32566297]
[-77.26804298]
[-77.39105422]
[-77.40871753]
[-77.42185598]
[-77.76094669]
[-77.66534061]
[-77.63009075]
[-77.7967844]
[-77.4558728]
[-77.62973701]
[-77.66986495]
[-77.63743586]
[-77.46079918]
[-77.46511212]
[-77.49035842]
[-77.36905152]
[-77.57145453]
[-77.38098156]
[-77.35255765]
[-77.62736209]
[-77.74503405]
[-77.59945969]
[-77.72520156]
[-77.7504483]
[-77.78614918]
[-77.68157617]
[-77.79760626]
[-77.90519608]
[-77.61662239]
[-77.70515734]
[-77.60152049]
[-77.47222182]
[-77.33083853]
[-77.44925503]
[-77.48223265]
[-77.16876279]
[-77.38578986]
[-77.38002703]
[-77.37917253]
[-77.35307811]
[-77.49531345]
[-77.29251575]
[-77.41232735]
[-77.6310986]
[-77.39481084]
[-77.61999727]
[-77.51169229]
[-77.85898811]
[-77.74792071]
[-77.50337959]
[-77.7004607]
[-77.49042217]
[-77.37355205]
[-77.27101764]
[-77.23984598]
[-77.30809612]
[-77.31141457]
[-77.28862053]
[-77.2656943]
[-77.20398629]
[-77.40183675]
[-77.58411187]
[-77.35721079]
[-77.26342287]
[-77.43925639]
[-77.60433546]
[-77.73311788]
[-77.82576031]
[-77.58392122]
[-77.45732433]
[-77.46120074]
[-77.48594221]
[-77.48709634]
[-77.63040351]
[-77.3605562]
[-77.38458476]
[-77.60985805]
[-77.28130046]
[-77.34445576]
[-77.58673773]
[-77.65436733]
[-77.52586297]
[-77.48420662]
[-77.523969]
[-77.42646715]
[-77.77492614]
[-77.55371134]
[-77.63416782]
[-77.67864608]
[-77.57642036]
[-77.34849429]
[-77.6099288]
[-77.44225308]
[-77.18940053]
[-77.38214589]
[-77.29199161]
[-77.29334165]
[-77.49509025]
[-77.49908857]
[-77.61850962]
[-77.86977039]
[-77.82158249]
[-77.65278545]
[-77.70368476]
[-77.63912197]
[-77.63469062]
[-77.30109451]
[-77.554486]
[-77.66005672]
[-77.6021894]
[-77.47429769]
[-77.6633759]
[-77.50321924]
[-77.68072568]
[-77.55251112]
[-77.72201579]
[-77.2255431]
[-77.59622874]
[-77.82938186]
[-77.5932293]
[-77.68053951]
[-77.75149067]
[-77.37559605]
[-77.5745275]
[-77.57236787]
[-77.74166769]
[-77.65158974]
[-77.67021063]
[-77.7188749]
[-77.58117398]
[-77.56916898]
[-77.48321154]
[-77.60121421]
[-77.47492555]
[-77.43955326]
[-77.56420672]
[-77.67900919]
[-77.60485538]
[-77.38473066]
[-77.52355386]
[-77.36506624]
[-77.50227461]
[-77.59007018]
[-77.49828842]
[-77.57523564]
[-77.6723513]
[-77.79606518]
[-77.60016462]
[-77.28485914]
[-77.45183149]
[-77.5281274]
[-77.676405]
[-77.7189407]
[-77.49571095]
[-77.57639228]
[-77.55457037]
[-77.45802971]
[-77.49671789]
[-77.62270084]
[-77.51491627]
[-77.2212778]
[-77.42475355]
[-77.83507002]
[-77.64715513]
[-77.59175795]
[-77.46318515]
[-77.66153229]
[-77.63997831]
[-77.60491263]
[-77.42278438]
[-77.37373171]
[-77.3277949]
[-77.17194708]
[-77.10895226]
[-77.33809356]
[-77.50554025]
[-77.63011588]
[-77.46209609]
[-77.65569685]
[-77.37125205]
[-77.5374065]
[-77.52282277]
[-77.40991944]
[-77.57260819]
[-77.31485026]
[-77.50913137]
[-77.54482996]
[-77.44422808]
[-77.63874573]
[-77.58086528]
[-77.64196362]
[-77.62403269]
[-77.70697584]
[-77.47807773]
[-77.63845599]
[-77.82776231]
[-77.83932643]
[-77.72611537]
[-77.61794522]
[-77.76341613]
[-77.69232703]
[-77.51734775]
[-77.63516504]
[-77.60275229]
[-77.69832936]
[-77.6983626]
[-77.55597913]
[-77.43486842]
[-77.68882132]
[-77.66820594]
[-77.60874038]
[-77.71484988]
[-77.5623921]
[-77.39157585]
[-77.38883031]
[-77.18430025]
[-77.34275905]
[-77.41510048]
[-77.37384048]
[-77.51374328]
[-77.43323707]
[-77.47441682]
[-77.56797929]
[-77.57966581]
[-77.84206094]
[-77.74141856]
[-77.70890968]
[-77.68614966]
[-77.41365791]
[-77.77088829]
[-77.62039735]
[-77.67585086]
[-77.6210955]
[-77.60131923]
[-77.46179328]
[-77.5737992]
[-77.39028914]
[-77.46547135]
[-77.52788432]
[-77.54075748]
[-77.55729765]
[-77.61539546]
[-77.7333166]
[-77.67790499]
[-77.83615831]
[-77.5532122]
[-77.53235587]
[-77.5229503]
[-77.61459518]
[-77.5478606]
[-77.46597065]
[-77.3738503]
[-77.45635915]
[-77.41420249]
[-77.44549554]
[-77.25212285]
[-77.39941959]
[-77.45524632]
[-77.40484679]
[-77.65274523]
[-77.37176671]
[-77.83826817]
[-77.72762377]
[-77.80883866]
[-77.9840102]
[-77.61369908]
[-77.49840138]
[-77.72002866]
[-77.68087918]
[-77.55432668]
[-77.5584609]
[-77.32907743]
[-77.62679526]
[-77.6652117]
[-77.42436147]
[-77.34271403]
[-77.32309202]
[-77.51853639]
[-77.56894033]
[-77.48979699]
[-77.31766905]
[-77.56398287]
[-77.47963283]
[-77.66375097]
[-77.85753556]
[-77.77407396]
[-77.74359025]
[-77.56126939]
[-77.49556857]
[-77.35841388]
[-77.40685703]
[-77.33370111]
[-77.45503147]
[-77.36862503]
[-77.211952]
[-77.37119721]
[-77.47047775]
[-77.72454009]
[-77.66800149]
[-77.58068576]
[-77.67064154]
[-77.66690723]
[-77.61093595]
[-77.52312616]
[-77.58196952]
[-77.71570507]
[-77.59319066]
[-77.50537116]
[-77.42335068]
[-77.3314119]
[-77.25063938]
[-77.2777062]
[-77.36907322]
[-77.31335522]
[-77.43481773]
[-77.27392364]
[-77.46667413]
[-77.61669638]
[-77.71533978]
[-77.66247014]
[-77.72613259]
[-77.52053341]
[-77.6115059]
[-77.66688572]
[-77.58803571]
[-77.56615073]
[-77.56304118]
[-77.51499442]
[-77.52047841]
[-77.58338028]
[-77.49567849]
[-77.63600701]
[-77.43810899]
[-77.69250918]
[-77.57392523]
[-77.48058534]
[-77.30579292]
[-77.6024324]
[-77.4967357]
[-77.66675998]
[-77.7203305]
[-77.59009559]
[-77.64498181]
[-77.60102802]
[-77.63714825]
[-77.58134793]
[-77.69062969]
[-77.69666298]
[-77.58211747]
[-77.57756686]
[-77.70637698]
[-77.50804063]
[-77.44598938]
[-77.51651304]
[-77.35773386]
[-77.72987926]
[-77.5122363]
[-77.28093915]
[-77.31553543]
[-77.55960643]
[-77.37088607]
[-77.32048925]
[-77.49257396]
[-77.57805418]
[-77.55406528]
[-77.60381397]
[-77.8990489]
[-77.62098566]
[-77.61162313]
[-77.60224273]
[-77.40181871]
[-77.53569592]
[-77.38257381]
[-77.52286733]
[-77.42818274]
[-77.45401255]
[-77.4363307]
[-77.32240049]
[-77.16853136]
[-77.26232262]
[-77.22586619]
[-77.50007654]
[-77.57718944]
[-77.58286155]
[-77.54423235]
[-77.62692639]
[-77.54217057]
[-77.78146618]
[-77.86057615]
[-77.64945362]
[-77.74449248]
[-77.68817228]
[-77.69407916]
[-77.78010701]
[-77.76770138]
[-77.60774969]
[-77.63341316]
[-77.64143148]
[-77.54981581]
[-77.35114937]
[-77.56054049]
[-77.64306623]
[-77.66249081]
[-77.58659556]
[-77.70335128]
[-77.8159412]
[-77.69897264]
[-77.68635197]
[-77.73507724]
[-77.59780026]
[-77.52282826]
[-77.56396928]
[-77.5070894]
[-77.51676285]
[-77.44923193]
[-77.45602452]
[-77.42314786]
[-77.61772778]
[-77.62458444]
[-77.45989905]
[-77.42026452]
[-77.51841384]
[-77.35041675]
[-77.21892534]
[-77.49445907]
[-77.44438854]
[-77.64444147]
[-77.8246879]
[-77.55166948]
[-77.67322834]
[-77.60697677]
[-77.58448841]
[-77.45757682]
[-77.67059454]
[-77.62394626]
[-77.5872137]
[-77.65074709]
[-77.63072566]
[-77.63434616]
[-77.43325448]
[-77.56533391]
[-77.44082141]
[-77.31158445]
[-77.71035639]
[-77.46083163]
[-77.12437646]
[-77.29424387]
[-77.36277381]
[-77.5566389]
[-77.55328461]
[-77.49137342]
[-77.35184741]
[-77.57119967]
[-77.47780607]
[-77.80128504]
[-77.66030542]
[-77.68241116]
[-77.6985275]
[-77.60607922]
[-77.83795872]
[-77.67075581]
[-77.69976465]
[-77.67065014]
[-77.53139841]
[-77.66982778]
[-77.51391063]
[-77.57561132]
[-77.76670155]
[-77.49185106]
[-77.70445285]
[-77.60345321]
[-77.52172777]
[-77.36134011]
[-77.51239691]
[-77.45568963]
[-77.66929255]
[-77.45788029]
[-77.50266764]
[-77.46219003]
[-77.59352284]
[-77.50673971]
[-77.63265976]
[-77.59558607]
[-77.45567009]
[-77.63677292]
[-77.58600013]
[-77.63173688]
[-77.43418603]
[-77.38838987]
[-77.56009765]
[-77.45969545]
[-77.36278827]
[-77.31047753]
[-77.39153423]
[-77.58176971]
[-77.60675936]
[-77.43004384]
[-77.57946853]
[-77.61645701]
[-77.65978059]
[-77.79818306]
[-77.57732359]
[-77.70119148]
[-77.4583822]
[-77.77476734]
[-77.63908516]
[-77.4774711]
[-77.39891308]
[-77.54019829]
[-77.4832652]
[-77.55598189]
[-77.44021255]
[-77.46687573]
[-77.58162015]
[-77.60635116]
[-77.33545618]
[-77.70638543]
[-77.75477509]
[-77.55155719]
[-77.50934464]
[-77.60932956]
[-77.61310116]
[-77.57239993]
[-77.54514335]
[-77.6060559]
[-77.42920332]
[-77.55989825]
[-77.59106263]
[-77.65181695]
[-77.33874099]
[-77.47819482]
[-77.59596436]
[-77.66580817]
[-77.61546345]
[-77.50288954]
[-77.54436288]
[-77.41558]
[-77.25139448]
[-77.49190343]
[-77.54550326]
[-77.52820465]
[-77.30910027]
[-77.3766778]
[-77.37269961]
[-77.53299739]
[-77.55009838]
[-77.46738732]
[-77.48196994]
[-77.56561103]
[-77.46074846]
[-77.62363101]
[-77.83293683]
[-77.54015822]
[-77.65503857]
[-77.66046551]
[-77.62258876]
[-77.46770886]
[-77.59699666]
[-77.51555971]
[-77.55824244]
[-77.50747874]
[-77.3831707]
[-77.47741553]
[-77.5863001]
[-77.57956734]
[-77.5027441]
[-77.3899901]
[-77.51682502]
[-77.58471659]
[-77.53714131]
[-77.45627041]
[-77.7496019]
[-77.66066001]
[-77.74342676]
[-77.79973447]
[-77.71856814]
[-77.67162868]
[-77.75016203]
[-77.65373847]
[-77.65859361]
[-77.60226628]
[-77.59569738]
[-77.65143702]
[-77.60896226]
[-77.47052823]
[-77.56507413]
[-77.41032042]
[-77.58362468]
[-77.38972106]
[-77.54246848]
[-77.75751602]
[-77.72089427]
[-77.86202336]
[-77.59642612]
[-77.7263189]
[-77.76882722]
[-77.67322859]
[-77.75218802]
[-77.452671]
[-77.59947143]
[-77.62271669]
[-77.48505063]
[-77.37397987]
[-77.40559089]
[-77.55375479]
[-77.35492854]
[-77.32468905]
[-77.52103106]
[-77.51792572]
[-77.46919316]
[-77.59760684]
[-77.5945295]
[-77.70214044]
[-77.61939481]
[-77.59934641]
[-77.76823639]
[-77.55786354]
[-77.62032788]
[-77.55394899]
[-77.46409663]
[-77.51254975]
[-77.36964803]
[-77.18361217]
[-77.23484645]
[-77.38888742]
[-77.50766458]
[-77.49440706]
[-77.46321878]
[-77.3762532]
[-77.54263965]
[-77.6243822]
[-77.62786206]
[-77.73478848]
[-77.7420381]
[-77.55237778]
[-77.68111334]
[-77.47244049]
[-77.59364765]
[-77.47596654]
[-77.58185126]
[-77.39625274]
[-77.68748443]
[-77.25970513]
[-77.57917251]
[-77.67999223]
[-77.67854953]
[-77.50011133]
[-77.56683815]
[-77.7094764]
[-77.54029369]
[-77.78734706]
[-77.65676818]
[-77.74105068]
[-77.64336368]
[-77.71306277]
[-77.44905721]
[-77.85700439]
[-77.56919124]
[-77.53543757]
[-77.5216353]
[-77.34078018]
[-77.65517984]
[-77.35143442]
[-77.5373676]
[-77.4316868]
[-77.40437199]
[-77.46004244]
[-77.69198874]
[-77.68935519]
[-77.78371928]
[-77.9418117]
[-77.72634418]
[-77.66411274]
[-77.56040581]
[-77.57627008]
[-77.59263573]
[-77.58859425]
[-77.51389958]
[-77.34899047]
[-77.47437907]
[-77.49780328]
[-77.39551944]
[-77.28957939]
[-77.53262263]
[-77.6715699]
[-77.61167895]
[-77.64468369]
[-77.71865216]
[-77.72631024]
[-77.83444489]
[-77.58482096]
[-77.75404297]
[-77.54655511]
[-77.61234293]
[-77.56410318]
[-77.42944059]
[-77.48215111]
[-77.57403755]
[-77.48625579]
[-77.49420701]
[-77.35209948]
[-77.60823924]
[-77.55146101]
[-77.43338438]
[-77.37394279]
[-77.58506152]
[-77.4731185]
[-77.53186113]
[-77.72262037]
[-77.76053492]
[-77.59212189]
[-77.61622845]
[-77.68258725]
[-77.81204284]
[-77.73316306]
[-77.74663178]
[-77.73048817]
[-77.75555824]
[-77.63264638]
[-77.67869479]
[-77.62106201]
[-77.73736472]
[-77.8451236]
[-77.70144718]
[-77.5452513]
[-77.63579957]
[-77.56619434]
[-77.66362691]
[-77.62782686]
[-77.81579725]
[-77.68506741]
[-77.63823795]
[-77.59357168]
[-77.6161734]
[-77.6080351]
[-77.65501989]
[-77.73103504]
[-77.5393298]
[-77.65188136]
[-77.66991668]
[-77.60793199]
[-77.45900483]
[-77.42376896]
[-77.59454835]
[-77.3998875]
[-77.63146812]
[-77.54758139]
[-77.56486509]
[-77.42838152]
[-77.28909158]
[-77.43952737]
[-77.46401095]
[-77.55391823]
[-77.42257512]
[-77.64419473]
[-77.31725608]
[-77.54413527]
[-77.52000674]
[-77.58859584]
[-77.38413576]
[-77.59295738]
[-77.65661316]
[-77.63922272]
[-77.69174292]
[-77.69255865]
[-77.59637037]
[-77.7337379]
[-77.66752774]
[-77.63492943]
[-77.68585004]
[-77.69447196]
[-77.56245948]
[-77.52023719]
[-77.66324298]
[-77.60481318]
[-77.5557576]
[-77.52514682]
[-77.38140091]
[-77.49636957]
[-77.55076232]
[-77.4106192]
[-77.52753296]
[-77.5146702]
[-77.35186395]
[-77.59471953]
[-77.46184254]
[-77.41587626]
[-77.57044105]
[-77.59217428]
[-77.45432189]
[-77.52486865]
[-77.63875758]
[-77.76013132]
[-77.65836859]
[-77.5398773]
[-77.67875994]
[-77.83374851]
[-77.63174762]
[-77.61005432]
[-77.51533387]
[-77.45965711]
[-77.51048972]
[-77.42417072]
[-77.15552143]
[-77.36080186]
[-77.36848452]
[-77.24010113]
[-77.33745303]
[-77.59828879]
[-77.69240805]
[-77.48422924]
[-77.54808959]
[-77.70845544]
[-77.87303094]
[-77.78083779]
[-77.62507838]
[-77.76912302]
[-77.59965838]
[-77.74615452]
[-77.7455505]
[-77.53067775]
[-77.54717713]
[-77.5614679]
[-77.40152779]
[-77.54710597]
[-77.56133713]
[-77.34761122]
[-77.60222544]
[-77.71124672]
[-77.65912561]
[-77.65589995]
[-77.59406478]
[-77.65231917]
[-77.81773939]
[-77.72301983]
[-77.6310375]
[-77.84755249]
[-77.74038115]
[-77.7682986]
[-77.59987774]
[-77.66413111]
[-77.91027812]
[-77.98741106]
[-77.36791038]
[-77.56288369]
[-77.51745108]
[-77.73339143]
[-77.42984298]
[-77.72492104]
[-77.66219503]
[-77.64510042]
[-77.59953093]
[-77.55830454]
[-77.66356348]
[-77.60755966]
[-77.51671691]
[-77.61690304]
[-77.3064866]
[-77.64536436]
[-77.3726161]
[-77.52141183]
[-77.40369212]
[-77.58300173]
[-77.61577502]
[-77.3784996]
[-77.57003242]
[-77.65964435]
[-77.35173644]
[-77.67779237]
[-77.89845053]
[-77.54976377]
[-77.64499801]
[-77.72912002]
[-77.64365963]
[-77.84649131]
[-77.64465046]
[-77.73347398]
[-77.70752253]
[-77.79868374]
[-77.47047327]
[-77.4964394]
[-77.68190028]
[-77.27105084]
[-77.60885785]
[-77.29118242]
[-77.31963506]
[-77.35700349]
[-77.60980301]
[-77.51564094]
[-77.51034319]
[-77.61639001]
[-77.45055264]
[-77.72367781]
[-77.82861151]
[-77.77412177]
[-77.80222216]
[-77.71367772]
[-77.67747318]
[-77.86135396]
[-77.62360624]
[-77.39489899]
[-77.46988439]
[-77.24174438]
[-77.30809813]
[-77.3339445]
[-77.52079908]
[-77.4661471]
[-77.46454677]
[-77.63237133]
[-77.67796115]
[-77.65884764]
[-77.67065936]
[-77.69284424]
[-77.73097167]
[-77.62037048]
[-77.79243104]
[-77.5930037]
[-77.39566137]
[-77.4803096]
[-77.45227615]
[-77.46503028]
[-77.68686368]
[-77.65974388]
[-77.62959169]
[-77.56881701]
[-77.563013]
[-77.48047199]
[-77.63511003]
[-77.79195869]
[-77.6933472]
[-77.79570193]
[-77.79151617]
[-77.8211645]
[-77.77346265]
[-77.7705506]
[-77.77760715]
[-77.84503821]
[-77.78117792]
[-77.76014927]
[-77.69253024]
[-77.56647917]
[-77.64934602]
[-77.5346381]
[-77.44366407]
[-77.38532013]
[-77.50823135]
[-77.40264643]
[-77.647941]
[-77.51596668]
[-77.44745528]
[-77.66336131]
[-77.62980027]
[-77.62844621]
[-77.55782272]
[-77.58583731]
[-77.75086137]
[-77.44075453]
[-77.5567409]
[-77.49097052]
[-77.56428081]
[-77.4528856]
[-77.49217839]
[-77.44384591]
[-77.58425708]
[-77.39794753]
[-77.807189]
[-77.78966587]
[-77.54031843]
[-77.52958314]
[-77.74236163]
[-77.67162854]
