[-78.93431567]
[-79.33840905]
[-79.42941674]
[-79.08250858]
[-79.07958445]
[-79.10157328]
[-79.07119695]
[-79.05314038]
[-79.09366141]
[-79.1518871]
[-78.99010621]
[-78.87895001]
[-79.12243694]
[-79.0781773]
[-79.04543954]
[-78.96530337]
[-79.15308036]
[-79.06294369]
[-79.04133941]
[-79.01395089]
[-79.0223544]
[-78.91739869]
[-78.92779594]
[-78.88459758]
[-78.94823634]
[-78.90442628]
[-78.98113106]
[-79.01532721]
[-78.86577839]
[-78.84636919]
[-78.84715844]
[-78.77406301]
[-78.86968845]
[-78.71768442]
[-78.6377617]
[-78.69541881]
[-78.52562854]
[-78.85236531]
[-78.9156138]
[-78.30710993]
[-78.85329259]
[-78.62603472]
[-78.55863445]
[-79.07296387]
[-78.89874254]
[-78.72086918]
[-79.03027834]
[-78.98659034]
[-79.07113789]
[-79.23179203]
[-79.09022724]
[-78.77259275]
[-79.25994784]
[-78.83443181]
[-78.92219868]
[-79.23180315]
[-78.9868348]
[-79.08666551]
[-79.09097276]
[-79.01951721]
[-79.20160233]
[-78.79474245]
[-78.87993036]
[-78.84422638]
[-78.90115921]
[-78.75925813]
[-79.19219842]
[-79.23042894]
[-78.92572438]
[-78.903463]
[-78.88932188]
[-79.06719585]
[-78.978246]
[-78.92158682]
[-79.01478892]
[-79.15970597]
[-79.0896896]
[-79.0509715]
[-79.04202514]
[-79.08228346]
[-78.89799442]
[-79.00152658]
[-78.63949238]
[-78.80177696]
[-78.87538792]
[-79.01746027]
[-78.90530137]
[-78.67616405]
[-78.81223568]
[-79.02461703]
[-79.09696824]
[-79.13872881]
[-79.0539155]
[-78.94773896]
[-78.70849664]
[-78.76472795]
[-79.09886723]
[-78.91380659]
[-78.93239479]
[-78.94461652]
[-78.92832382]
[-79.08634656]
[-79.30415084]
[-79.29510411]
[-79.00680832]
[-79.19057163]
[-79.05626123]
[-79.3005023]
[-79.09820269]
[-79.15010125]
[-79.03946063]
[-79.23353882]
[-79.35313484]
[-79.01441921]
[-79.20386192]
[-78.92518686]
[-79.12323084]
[-79.35599976]
[-79.18884248]
[-79.10327862]
[-79.00080723]
[-79.02575107]
[-78.9109192]
[-79.07713115]
[-78.92714984]
[-78.95736132]
[-78.92513946]
[-79.37614217]
[-79.36057311]
[-79.41097092]
[-79.32193396]
[-79.33759268]
[-79.32342344]
[-79.49420142]
[-79.47617567]
[-78.99298549]
[-79.55696283]
[-79.81877887]
[-79.87329549]
[-79.50228718]
[-79.12359379]
[-78.98172754]
[-79.17927364]
[-79.75751998]
[-80.53179224]
[-80.46330355]
[-80.16869647]
[-79.75606902]
[-79.31612236]
[-79.03540191]
[-78.55886761]
[-78.8143216]
[-78.62004532]
[-78.81808526]
[-78.6350863]
[-79.16321532]
[-78.8702548]
[-78.78996855]
[-79.09696754]
[-79.09569151]
[-79.43617315]
[-79.31394377]
[-79.401151]
[-79.25368154]
[-79.27922498]
[-79.37380523]
[-79.41964649]
[-79.3352786]
[-79.51356671]
[-79.31137412]
[-79.32025023]
[-79.50441048]
[-79.46586075]
[-79.33567749]
[-79.62466784]
[-79.40900144]
[-79.54681797]
[-79.52353335]
[-79.29849248]
[-79.35468217]
[-79.49219438]
[-79.29348992]
[-79.56002964]
[-79.35289768]
[-79.34589321]
[-79.32693352]
[-79.34564666]
[-79.16498796]
[-79.22277101]
[-79.17515795]
[-79.24519905]
[-79.31860165]
[-79.49051047]
[-79.2692904]
[-79.26050309]
[-78.96931073]
[-79.28893672]
[-79.24423481]
[-79.32180041]
[-79.26248041]
[-79.16560262]
[-79.31854931]
[-79.61421918]
[-79.26500162]
[-79.14373275]
[-79.13897949]
[-79.16562643]
[-79.24302472]
[-79.27194643]
[-79.21557529]
[-78.83473016]
[-79.35516098]
[-79.36563933]
[-79.16652457]
[-79.19228704]
[-79.27257044]
[-79.56493509]
[-79.47593554]
[-79.4195896]
[-79.14850442]
[-78.70600352]
[-78.50558167]
[-78.47565695]
[-78.34827634]
[-78.52864806]
[-78.75650951]
[-80.31101866]
[-79.9681356]
[-80.00618996]
[-79.82453378]
[-79.62486552]
[-79.25554689]
[-79.40029596]
[-79.66372598]
[-79.78628123]
[-79.76796155]
[-79.8049174]
[-79.83901487]
[-79.90271934]
[-79.75902719]
[-79.63266969]
[-79.48322142]
[-79.52032811]
[-79.73883813]
[-79.51795374]
[-80.04935637]
[-80.10923604]
[-80.15306046]
[-80.0419512]
[-79.77518537]
[-79.54646579]
[-79.86489951]
[-79.69335799]
[-79.2804718]
[-79.94365194]
[-79.92302338]
[-79.33529766]
[-79.77646674]
[-79.85108226]
[-79.59773754]
[-79.75332041]
[-79.71515268]
[-79.85141745]
[-79.74834426]
[-79.98448196]
[-80.00071438]
[-80.09413814]
[-80.13584955]
[-79.88456431]
[-80.11003086]
[-79.90483309]
[-79.89837986]
[-79.80158072]
[-80.1740208]
[-80.17975748]
[-80.20915879]
[-80.15714719]
[-80.3850665]
[-80.31835108]
[-80.22805571]
[-80.11243625]
[-79.36695771]
[-79.62540578]
[-79.43489165]
[-79.2322223]
[-79.7334068]
[-79.40199686]
[-80.04775811]
[-79.09518478]
[-79.1301051]
[-79.17004496]
[-79.50973259]
[-79.06661898]
[-78.79681221]
[-78.53395091]
[-78.90103435]
[-78.82414109]
[-78.74516985]
[-78.2974559]
[-78.57370795]
[-78.72033222]
[-78.67890302]
[-78.72686513]
[-78.83088816]
[-78.53058519]
[-78.65978096]
[-78.55391839]
[-78.54632187]
[-78.41600575]
[-78.4879772]
[-78.31754318]
[-78.43018136]
[-78.50975408]
[-78.47067192]
[-78.45302102]
[-78.32234238]
[-78.2903107]
[-78.42345662]
[-78.52127877]
[-78.38231201]
[-78.45789338]
[-78.50133159]
[-78.455065]
[-78.44535857]
[-78.28272976]
[-78.26133349]
[-78.37537247]
[-78.21322233]
[-78.37746866]
[-78.09484071]
[-78.54101574]
[-78.56994443]
[-78.50135251]
[-78.47176525]
[-78.1663101]
[-78.18082099]
[-78.20831187]
[-78.10907529]
[-78.0024323]
[-78.26122428]
[-78.17481409]
[-78.18524192]
[-78.32662975]
[-78.24810945]
[-78.23864045]
[-78.48490397]
[-78.43319157]
[-78.54592828]
[-78.45969992]
[-78.4855634]
[-78.67395537]
[-78.61061849]
[-78.44375717]
[-78.05134547]
[-78.08591631]
[-78.1191188]
[-78.15669342]
[-78.29423386]
[-78.23519914]
[-78.54413239]
[-78.47053366]
[-78.74190959]
[-78.51966159]
[-78.6457062]
[-78.45540713]
[-78.9991972]
[-79.08494632]
[-78.67059296]
[-78.62329196]
[-78.87136134]
[-78.80958011]
[-78.62893812]
[-78.46724196]
[-78.65409792]
[-78.70379528]
[-78.79375213]
[-78.89811857]
[-78.82992896]
[-78.73469311]
[-78.76569942]
[-78.721237]
[-78.80536537]
[-78.90413141]
[-78.9463827]
[-78.92600803]
[-78.83957632]
[-78.57611248]
[-78.60452113]
[-78.77453381]
[-78.78865533]
[-78.77398394]
[-78.79670167]
[-78.90890643]
[-78.7158149]
[-78.8937212]
[-78.92133409]
[-78.99814584]
[-78.88251879]
[-78.97145859]
[-78.82556185]
[-78.87128658]
[-78.97185767]
[-78.81792388]
[-78.86690649]
[-78.71475485]
[-78.69929]
[-78.6039785]
[-78.66713246]
[-78.92856995]
[-78.79718092]
[-79.00424611]
[-78.87878336]
[-78.79260161]
[-78.78773492]
[-78.58022205]
[-78.64960216]
[-78.37298212]
[-78.47235871]
[-78.37260194]
[-78.45821754]
[-78.37337712]
[-78.22553242]
[-78.25511258]
[-78.65784774]
[-78.64274574]
[-78.51300134]
[-78.62660439]
[-78.81442404]
[-78.76646621]
[-78.44187104]
[-78.68743604]
[-78.55312762]
[-78.64863571]
[-78.76853903]
[-78.70246303]
[-78.58247937]
[-78.51587604]
[-78.49029588]
[-78.14578239]
[-78.39143148]
[-78.29322167]
[-78.33178577]
[-78.53898309]
[-78.58614494]
[-78.64857537]
[-78.42681761]
[-78.63669053]
[-78.65454389]
[-78.50761739]
[-78.58439392]
[-78.29161716]
[-78.56316605]
[-78.54531648]
[-78.46578048]
[-78.58916013]
[-78.24807712]
[-78.32668967]
[-78.30025953]
[-78.44324383]
[-78.53519801]
[-78.8697246]
[-79.00872163]
[-78.80882907]
[-78.97273717]
[-78.92392538]
[-78.78761132]
[-78.94369454]
[-78.56727242]
[-78.47636962]
[-78.63150895]
[-79.02863976]
[-78.81493584]
[-78.73155602]
[-78.85192404]
[-78.7139465]
[-78.45219443]
[-78.8290877]
[-78.63846533]
[-78.42021172]
[-78.73075714]
[-78.97168685]
[-78.80646566]
[-78.60629163]
[-78.50319641]
[-78.53846206]
[-78.70155034]
[-78.49312778]
[-78.76306315]
[-78.71585395]
[-78.67740973]
[-78.69797954]
[-78.60632876]
[-78.65964187]
[-78.76056182]
[-78.478918]
[-78.70660813]
[-78.6441236]
[-78.48837622]
[-78.5005095]
[-78.54420825]
[-78.69643387]
[-78.70058618]
[-78.49037149]
[-78.23956757]
[-78.54876294]
[-78.74096769]
[-78.50969726]
[-78.5345051]
[-78.46570019]
[-78.34412593]
[-78.33371065]
[-78.49312171]
[-78.61441444]
[-78.51310515]
[-78.43059885]
[-78.47592663]
[-78.51554786]
[-78.56734784]
[-78.36469771]
[-78.59887883]
[-78.59561321]
[-78.36152576]
[-78.92004129]
[-78.64495727]
[-78.78498029]
[-78.55379581]
[-78.63855528]
[-78.76644145]
[-78.65405146]
[-78.60567168]
[-78.66897427]
[-78.39063551]
[-78.63334081]
[-78.68624479]
[-78.81392313]
[-78.75041444]
[-78.50744383]
[-78.51432582]
[-78.85888938]
[-78.9197338]
[-79.29737931]
[-78.96633767]
[-78.8409761]
[-78.93246384]
[-78.95352181]
[-79.07580204]
[-78.97828711]
[-79.12935349]
[-79.20199375]
[-79.15092885]
[-79.13685233]
[-78.89954314]
[-79.1567539]
[-78.86869446]
[-78.98525871]
[-78.51345912]
[-78.67374491]
[-79.04591004]
[-79.12112408]
[-79.08949407]
[-79.15944782]
[-79.0000274]
[-79.09904898]
[-79.18761255]
[-79.05830062]
[-79.00033011]
[-79.17220904]
[-78.86918696]
[-79.1917006]
[-79.09970692]
[-79.0397111]
[-79.09205553]
[-79.2374222]
[-79.26147566]
[-79.0848973]
[-79.08569362]
[-79.01222254]
[-78.99713033]
[-79.03111562]
[-79.03180586]
[-78.75664612]
[-78.40541111]
[-78.33263632]
[-78.20650093]
[-78.53991645]
[-78.68663136]
[-78.71707195]
[-78.87143261]
[-78.70280494]
[-78.40667167]
[-78.76996607]
[-78.68757196]
[-78.72601746]
[-78.69942784]
[-78.62627314]
[-78.31330698]
[-78.66203522]
[-78.694155]
[-78.45016788]
[-78.51591292]
[-78.36557916]
[-78.46272877]
[-78.58927912]
[-78.70033266]
[-78.71013344]
[-78.69726451]
[-78.73192402]
[-78.70788634]
[-78.75967391]
[-78.62008441]
[-78.55800756]
[-78.90237833]
[-78.68070247]
[-78.808401]
[-78.78274677]
[-78.64280243]
[-78.50965079]
[-78.58408017]
[-78.6773497]
[-79.02664315]
[-78.88137595]
[-78.59609037]
[-78.87250817]
[-78.56391644]
[-78.70232156]
[-78.81026362]
[-78.77850353]
[-78.6613663]
[-78.79053646]
[-78.97800225]
[-78.85814829]
[-78.58543982]
[-78.89422741]
[-79.00332617]
[-78.79814827]
[-78.73546121]
[-78.63384094]
[-78.76484645]
[-78.62176398]
[-78.53154564]
[-78.61251291]
[-78.73083159]
[-78.919947]
[-78.82642208]
[-78.80335296]
[-78.93843273]
[-78.73682019]
[-78.58963449]
[-78.57231848]
[-78.60183617]
[-78.51025994]
[-78.47008179]
[-78.8238857]
[-78.83421838]
[-78.64315143]
[-78.84722411]
[-78.92491515]
[-78.96733834]
[-78.83261018]
[-78.91089556]
[-78.96379511]
[-78.86128689]
[-78.71747292]
[-78.66681771]
[-78.84199348]
[-78.50734724]
[-78.66681208]
[-78.70659969]
[-78.66932885]
[-78.630884]
[-78.85918602]
[-78.6959749]
[-79.00785664]
[-78.91252783]
[-79.00040179]
[-79.04056553]
[-78.93559664]
[-78.92406187]
[-78.7964829]
[-78.86726733]
[-78.71648692]
[-78.9719977]
[-78.99122734]
[-78.83083687]
[-79.12426431]
[-78.91006837]
[-79.45070743]
[-79.13517275]
[-79.3416899]
[-79.12583164]
[-79.40760198]
[-79.4965907]
[-79.35165544]
[-79.5634013]
[-79.29470012]
[-79.19040589]
[-79.43338436]
[-79.50653145]
[-79.23189784]
[-79.44300971]
[-79.27934647]
[-79.38713355]
[-79.23597491]
[-79.19761286]
[-79.28840643]
[-79.16944801]
[-79.39480017]
[-79.22700133]
[-79.34683944]
[-79.4567105]
[-79.3081727]
[-79.0951511]
[-79.30165407]
[-79.27786744]
[-79.44772748]
[-79.13204773]
[-79.05904124]
[-79.11446612]
[-78.971506]
[-78.97651718]
[-78.71569025]
[-78.98405914]
[-78.96705179]
[-79.06991274]
[-79.07932398]
[-79.24029807]
[-79.34364785]
[-79.22153415]
[-79.09938828]
[-79.34305446]
[-79.17995613]
[-79.26221588]
[-79.00146515]
[-79.1896322]
[-79.30797122]
[-79.13516475]
[-78.93119897]
[-78.93638335]
[-78.88428705]
[-78.97018044]
[-79.13903827]
[-79.10992097]
[-78.83771902]
[-78.81948219]
[-79.00613205]
[-78.98432825]
[-79.12035702]
[-78.96177721]
[-78.75781927]
[-78.86137266]
[-79.35816424]
[-79.19078947]
[-79.19717627]
[-79.184746]
[-79.03991799]
[-79.17876373]
[-79.37498657]
[-79.06606292]
[-79.07628009]
[-79.34280527]
[-78.80090559]
[-79.16501818]
[-79.2327648]
[-79.13441577]
[-79.03974273]
[-78.62945005]
[-79.06220039]
[-79.16143961]
[-79.22213353]
[-79.06807568]
[-79.03966872]
[-79.29597587]
[-79.13374595]
[-79.10244147]
[-79.14136833]
[-79.18344268]
[-79.0592538]
[-79.09887067]
[-79.05357899]
[-79.1947435]
[-79.32029675]
[-79.17424171]
[-79.02381106]
[-79.2773541]
[-78.96626411]
[-79.16472149]
[-79.09200456]
[-79.22475355]
[-79.04511927]
[-79.050305]
[-79.21011851]
[-79.21707406]
[-79.0919361]
[-79.1404795]
[-78.81819118]
[-78.97637048]
[-78.84965054]
[-79.20757278]
[-79.09761218]
[-79.2019215]
[-79.00254462]
[-79.00671217]
[-79.05967892]
[-79.15432459]
[-79.17162406]
[-79.30375913]
[-79.3837283]
[-79.21838672]
[-79.26979993]
[-79.38082592]
[-79.3465465]
[-79.37751297]
[-79.21005332]
[-79.01767393]
[-78.88804611]
[-79.25521898]
[-78.65013934]
[-79.0282707]
[-79.02373827]
[-79.15628826]
[-79.29177905]
[-79.37210926]
[-79.18779133]
[-79.00999398]
[-79.03374224]
[-79.30172422]
[-79.24702839]
[-79.13030511]
[-79.317858]
[-78.85767457]
[-79.04863967]
[-79.0708623]
[-79.07867138]
[-78.85690096]
[-78.86907383]
[-78.47618222]
[-78.56283613]
[-78.64355061]
[-78.60827699]
[-78.72201279]
[-78.89805316]
[-78.80490272]
[-78.72744876]
[-78.759766]
[-79.11796184]
[-78.82807364]
[-78.81848957]
[-78.91899699]
[-79.00019231]
[-78.89404004]
[-78.74500983]
[-78.56241155]
[-78.82826694]
[-78.71729074]
[-78.71637289]
[-78.9752196]
[-78.75719758]
[-78.86314794]
[-78.70858061]
[-78.85771813]
[-78.66190978]
[-78.94536078]
[-78.7948725]
[-78.85473771]
[-78.78319258]
[-78.87057743]
[-78.78278498]
[-78.85139808]
[-78.83467261]
[-78.56036756]
[-78.67062672]
[-78.43263423]
[-78.58207633]
[-78.49143176]
[-78.49173178]
[-78.7319369]
[-78.6995259]
[-78.71456745]
[-78.77099798]
[-78.91725834]
[-78.62101291]
[-78.63910181]
[-78.70664841]
[-78.68230918]
[-78.75741094]
[-78.61957691]
[-78.49824576]
[-78.54217164]
[-78.58084355]
[-78.5888849]
[-78.71577963]
[-78.51928615]
[-78.48076229]
[-78.82549352]
[-79.07126342]
[-78.86903645]
[-78.72251522]
[-78.59395308]
[-78.73382695]
[-78.63678056]
[-78.1460173]
[-78.55678292]
[-78.70637429]
[-78.76746861]
[-78.85469241]
[-78.96152375]
[-78.83863723]
[-78.7028528]
[-78.52507536]
[-78.97860372]
[-78.81309764]
[-78.6670556]
[-78.77008173]
[-78.73852885]
[-78.98025166]
[-78.76587922]
[-78.75946606]
[-79.0848621]
[-79.01887913]
[-78.91716094]
[-78.69790743]
[-78.87002239]
[-78.59975324]
[-78.67323934]
[-78.62094621]
[-78.66516192]
[-78.61413046]
[-78.4604717]
[-78.48284232]
[-78.83964166]
[-78.70016642]
[-78.74309049]
[-78.79108032]
[-78.87200236]
[-79.04621189]
[-78.79234513]
[-78.67797351]
[-78.88439267]
[-78.91365585]
[-78.91210246]
[-78.9400963]
[-78.9821717]
[-78.84899607]
[-78.74950397]
[-78.90237672]
[-78.95697316]
[-78.88450114]
[-78.84173006]
[-78.71293883]
[-78.40243359]
[-78.66510178]
[-78.5191799]
[-78.63467154]
[-78.7993764]
[-78.66249446]
[-78.69403517]
[-78.89076118]
[-78.6291338]
[-78.69557128]
[-78.67403839]
[-78.72732282]
[-78.86451381]
[-78.77893856]
[-78.67718986]
[-78.62783805]
[-78.64894734]
[-78.50815641]
[-78.41040124]
[-78.45321103]
[-78.49979294]
[-78.25993503]
[-78.42622153]
[-78.62826301]
[-78.60259139]
[-78.58386505]
[-78.71687577]
[-78.93276045]
[-78.74425942]
[-78.47421302]
[-78.69552782]
[-78.66872242]
[-78.713632]
[-78.54526261]
[-78.63157662]
[-78.77685677]
[-78.72804917]
[-78.64832572]
[-78.56443842]
[-78.6696378]
[-78.77828569]
[-78.67381443]
[-78.55983283]
[-78.82682364]
[-78.73906077]
[-78.90658637]
[-78.63865242]
[-78.70442698]
[-78.58628437]
[-78.7015875]
[-78.71919537]
[-78.71340788]
[-79.02974482]
[-78.8235748]
[-78.64757894]
[-78.79360535]
[-78.97232424]
[-79.03023267]
[-78.81064435]
[-78.90266109]
[-78.64555792]
[-78.3643766]
[-78.77974573]
[-78.71491369]
[-78.88331706]
[-78.66951469]
[-78.81094376]
[-78.93980163]
[-78.91517987]
[-78.75394645]
[-78.88391116]
[-78.84875371]
[-78.70807529]
[-78.81486322]
[-78.73496806]
[-78.83791321]
[-78.66620822]
[-78.64741098]
[-78.65524022]
[-78.26276586]
[-78.4939491]
[-78.77773249]
[-78.80600029]
[-78.6964106]
[-78.59138566]
[-78.71615644]
[-78.67595669]
[-78.5230479]
[-78.67165457]
[-78.44883678]
[-78.45315188]
[-78.49123085]
[-78.49772068]
[-78.76882161]
[-78.64716656]
[-78.46616576]
[-78.60192621]
[-78.43320992]
[-78.74304214]
[-78.83544237]
[-79.03025244]
[-78.82550675]
[-78.80910068]
[-78.78249953]
[-78.95719636]
[-78.97634649]
[-79.00485967]
[-79.106886]
[-78.72528112]
[-78.909457]
[-78.96771573]
[-78.99649192]
[-78.83790727]
[-78.40650252]
[-78.85132043]
[-78.91128545]
[-78.78452573]
[-78.97944543]
[-78.71715559]
[-78.71285187]
[-78.93057711]
[-78.84017862]
[-78.7750729]
[-78.63443935]
[-78.84257228]
[-79.00979521]
[-78.72199757]
[-78.45025159]
[-78.74013392]
[-78.66230948]
[-78.68035109]
[-78.89532415]
[-78.52836408]
[-78.97641301]
[-78.95734384]
[-78.96649922]
[-78.98839338]
[-79.02917309]
[-78.71959042]
[-78.93960169]
[-79.04733411]
[-78.99108141]
[-78.75826245]
[-78.69454595]
[-78.98718733]
[-78.97573978]
[-78.77034714]
[-78.67144233]
[-78.62733054]
[-78.78409685]
[-78.92817799]
[-78.85894602]
[-79.03175406]
[-78.74896725]
[-78.83858339]
[-78.86001854]
[-78.86945459]
[-78.94644806]
[-78.78598696]
[-78.84380124]
[-78.96161169]
[-78.83987727]
[-78.82945549]
[-78.74281256]
[-78.71760715]
[-78.97984994]
[-78.96982086]
[-78.7216453]
[-78.80712328]
[-79.23872667]
[-78.9370316]
[-78.49789216]
[-78.72116355]
[-78.60337523]
[-78.79149668]
[-78.79477015]
[-79.01893087]
[-78.77331839]
[-78.91358643]
[-78.58205309]
[-78.83850146]
[-78.80070814]
[-78.80048292]
[-78.72280048]
[-78.65590527]
[-78.7773419]
[-78.71620968]
[-79.15390523]
[-78.66998321]
[-78.89441994]
[-78.86831343]
[-79.02362746]
[-79.05049973]
[-79.04095351]
[-79.05381683]
[-79.20469056]
[-79.23786368]
[-79.50133758]
[-79.2287093]
[-79.32578622]
[-78.8056352]
[-78.82904089]
[-79.03312116]
[-79.00167697]
[-79.09592566]
[-78.66502591]
[-78.70566735]
[-78.77831391]
[-78.64772904]
[-78.94465037]
[-78.84653156]
[-78.41167999]
[-78.7420013]
[-78.86976969]
[-78.91708781]
[-78.80709038]
[-78.87674281]
[-78.78583742]
[-78.61404243]
[-78.79031809]
[-78.67747519]
[-78.43615782]
[-78.82709609]
[-78.72368523]
[-78.76223597]
[-78.67676015]
[-78.86371902]
[-78.91318395]
[-78.78517423]
[-78.80403325]
[-78.82460654]
[-78.59803286]
[-78.73801592]
[-78.96139174]
[-78.80772793]
[-78.84897109]
[-78.72560695]
[-78.85012153]
[-78.84643667]
[-78.70228362]
[-78.67434578]
[-78.76461882]
[-78.86733403]
[-78.7512767]
[-78.5101811]
[-78.74175571]
[-78.85499298]
[-78.3542266]
[-78.9867983]
[-78.83059176]
[-78.89887668]
