[-80.95082848]
[-80.920852]
[-80.73132256]
[-81.13208349]
[-81.27095475]
[-81.21788131]
[-81.12594597]
[-81.02745046]
[-80.91045219]
[-81.00485539]
[-81.05434321]
[-80.98138222]
[-81.08572167]
[-81.17666318]
[-81.03989647]
[-81.15068584]
[-81.01355007]
[-81.09107285]
[-81.01745621]
[-81.31411868]
[-81.16488525]
[-81.22566455]
[-81.35308944]
[-81.46422665]
[-81.33052474]
[-81.16025376]
[-81.24347199]
[-80.86788811]
[-81.22052867]
[-81.3065378]
[-81.28378073]
[-81.01674858]
[-81.22290503]
[-81.16660037]
[-81.10234875]
[-81.04900346]
[-81.12716735]
[-81.18702542]
[-81.22368743]
[-80.88376566]
[-80.85821728]
[-80.83151706]
[-80.73152645]
[-80.90316833]
[-81.08009923]
[-81.10768348]
[-81.13330864]
[-81.19515882]
[-81.14481812]
[-81.09306295]
[-81.13544931]
[-81.35215189]
[-81.50553705]
[-81.37098558]
[-81.06325643]
[-81.11032654]
[-81.26312668]
[-81.1428339]
[-81.43284908]
[-81.33282951]
[-81.47104059]
[-81.32731407]
[-81.37277103]
[-81.30996487]
[-81.30213023]
[-81.03062407]
[-81.47225443]
[-81.57789156]
[-81.68626953]
[-81.3856871]
[-81.60522995]
[-81.30354499]
[-81.26330394]
[-81.26455339]
[-81.15413143]
[-81.3999804]
[-81.53203698]
[-81.66977199]
[-81.4899247]
[-81.44059881]
[-81.53610484]
[-81.45343296]
[-81.76603156]
[-81.67058305]
[-81.68826256]
[-81.68589436]
[-81.73331251]
[-81.72096289]
[-81.87374142]
[-81.63423448]
[-81.96148552]
[-81.48710931]
[-81.5615428]
[-81.40417596]
[-81.5967839]
[-81.44315857]
[-81.65873544]
[-81.77093732]
[-81.75701514]
[-81.87100836]
[-81.80435157]
[-81.63466825]
[-81.80128469]
[-81.88125859]
[-81.98645476]
[-81.9211896]
[-81.77322407]
[-81.5625112]
[-81.60934056]
[-81.71992007]
[-82.01572731]
[-81.78465053]
[-81.92492468]
[-81.96362254]
[-81.79289349]
[-81.76507811]
[-81.72282443]
[-81.44463353]
[-80.88551132]
[-81.6619758]
[-81.85354247]
[-81.94477133]
[-81.72904452]
[-81.32889347]
[-82.02623524]
[-81.74184213]
[-81.7008456]
[-81.63988601]
[-81.25380025]
[-80.66452131]
[-81.15059567]
[-81.751971]
[-81.87359646]
[-81.82812213]
[-81.61093901]
[-81.44767483]
[-81.66680987]
[-81.59727683]
[-81.45234367]
[-81.38170978]
[-81.400104]
[-81.26241356]
[-81.05712537]
[-80.89353948]
[-81.10447466]
[-81.04432648]
[-81.06375842]
[-81.10577411]
[-81.08725729]
[-81.22560253]
[-81.10083969]
[-81.00341742]
[-80.67837486]
[-80.8420096]
[-80.75441141]
[-80.70675952]
[-80.61645079]
[-80.6867904]
[-80.5277099]
[-80.64306482]
[-80.74777149]
[-80.51443423]
[-80.47995519]
[-80.60688367]
[-80.62757518]
[-80.7475278]
[-80.90687113]
[-81.24004341]
[-81.0007663]
[-81.01592415]
[-80.94552778]
[-80.44225769]
[-80.55927707]
[-80.36315262]
[-80.49745986]
[-80.67952665]
[-80.61543723]
[-80.61329937]
[-80.5617675]
[-80.63451527]
[-80.65876708]
[-80.53860782]
[-80.62821644]
[-80.52550737]
[-80.52391258]
[-80.74999952]
[-80.90234688]
[-80.88313613]
[-80.85043866]
[-80.71680449]
[-80.68780862]
[-80.89291529]
[-80.79019381]
[-80.8407867]
[-81.12175307]
[-81.18259816]
[-80.80770055]
[-80.72367945]
[-80.73382557]
[-80.90960643]
[-80.86814563]
[-80.98403962]
[-80.78580777]
[-80.99543353]
[-81.49612207]
[-81.31063346]
[-81.21563749]
[-81.31195626]
[-81.39199796]
[-81.13221296]
[-81.5887556]
[-82.08877714]
[-81.38221232]
[-81.5722725]
[-81.39693436]
[-81.08962039]
[-81.23959938]
[-81.41337863]
[-81.12796778]
[-81.04508299]
[-80.93487873]
[-80.82051252]
[-80.85243073]
[-80.7810175]
[-81.05491358]
[-81.13248694]
[-81.17291845]
[-81.54581585]
[-81.42125004]
[-81.18838292]
[-81.02468776]
[-81.08754161]
[-80.83809614]
[-80.94545909]
[-80.93190455]
[-81.11273252]
[-81.09573627]
[-81.29792034]
[-81.22346215]
[-81.26911072]
[-81.17645929]
[-81.30924325]
[-81.19975993]
[-81.22849184]
[-81.26862776]
[-81.11111029]
[-81.30616303]
[-81.27677475]
[-81.2013789]
[-81.60684774]
[-81.79701358]
[-81.52673722]
[-81.57377646]
[-81.47207795]
[-81.44974638]
[-81.6234112]
[-81.61830133]
[-81.79651385]
[-81.49814067]
[-81.30394103]
[-81.09034912]
[-80.95609395]
[-80.73796976]
[-80.56751849]
[-80.46342248]
[-79.64506982]
[-80.05865701]
[-80.80187816]
[-80.21229188]
[-80.09572549]
[-80.43702185]
[-80.99929009]
[-81.03568814]
[-81.05685324]
[-80.47498433]
[-80.22696252]
[-80.29007806]
[-80.66776089]
[-80.62926844]
[-80.35163221]
[-79.88543001]
[-80.81939609]
[-81.46026432]
[-81.42369862]
[-81.82158123]
[-81.97096365]
[-81.66505865]
[-81.44635075]
[-81.60069797]
[-81.79265427]
[-81.41653485]
[-81.47292685]
[-81.7456565]
[-81.73961156]
[-81.69968087]
[-81.60632387]
[-81.92836944]
[-81.63988312]
[-82.02419868]
[-82.07792385]
[-82.22467381]
[-82.02502624]
[-82.10139522]
[-82.31380996]
[-82.22592254]
[-82.00264565]
[-81.99142222]
[-81.90751536]
[-81.99424369]
[-82.10480347]
[-82.35269683]
[-82.0737167]
[-82.42643288]
[-82.11408492]
[-82.05814183]
[-81.99773473]
[-82.11751797]
[-82.10910602]
[-82.59186465]
[-82.34030901]
[-82.39750485]
[-82.08496657]
[-82.32285783]
[-82.21472107]
[-81.90323849]
[-82.01613334]
[-82.06112016]
[-82.22863357]
[-82.22124114]
[-82.2678999]
[-81.83912313]
[-81.96052226]
[-81.49980724]
[-80.88321104]
[-80.1812094]
[-79.96436163]
[-80.3944411]
[-80.39514262]
[-80.22671017]
[-80.14144008]
[-80.46002102]
[-80.64318078]
[-80.46606815]
[-80.44815693]
[-80.60906471]
[-80.36606072]
[-80.58587352]
[-80.92639346]
[-80.6612448]
[-80.4762037]
[-80.48174432]
[-80.51128398]
[-80.411108]
[-80.29986214]
[-79.93192977]
[-80.1031414]
[-80.09869914]
[-80.08532012]
[-80.31152447]
[-80.55114938]
[-80.56289957]
[-80.66166312]
[-80.5066909]
[-80.46727059]
[-80.66361918]
[-80.51536162]
[-80.67912363]
[-80.93659113]
[-80.7165732]
[-80.79917929]
[-80.83800622]
[-80.7045914]
[-80.55667709]
[-80.43999266]
[-80.50428635]
[-80.55612165]
[-80.54148277]
[-80.55097248]
[-81.0003305]
[-80.75757968]
[-81.19532036]
[-80.91257808]
[-80.90006435]
[-80.76561653]
[-80.82076081]
[-81.02012319]
[-81.01486521]
[-80.90714737]
[-80.79948177]
[-80.76715374]
[-80.7817352]
[-80.71890119]
[-80.62663818]
[-80.42346961]
[-80.48659718]
[-80.47357812]
[-80.56191574]
[-80.5140106]
[-80.40281979]
[-80.40893373]
[-80.12615891]
[-80.43433229]
[-80.29062068]
[-80.50629488]
[-80.54286807]
[-80.35717662]
[-80.46815014]
[-80.16871491]
[-80.02532531]
[-80.24483076]
[-80.02872722]
[-80.11690615]
[-80.12269915]
[-80.32970667]
[-80.06796833]
[-79.84765383]
[-79.81460998]
[-79.97974709]
[-79.95170077]
[-80.1831754]
[-80.26387366]
[-80.33845875]
[-80.36928478]
[-80.63207949]
[-80.30316703]
[-80.15297794]
[-80.33534998]
[-80.43088651]
[-80.58551799]
[-80.58646154]
[-80.49790418]
[-80.40461751]
[-80.46915635]
[-80.67500752]
[-80.53238048]
[-80.60405255]
[-81.12490548]
[-81.06680916]
[-80.95883577]
[-81.04025361]
[-80.95826869]
[-80.69087261]
[-80.6290014]
[-80.75229175]
[-80.6434654]
[-80.54081971]
[-80.50395444]
[-80.53839201]
[-80.85916281]
[-81.6076313]
[-82.13036128]
[-82.45382327]
[-83.05540702]
[-82.73771931]
[-81.9189361]
[-81.32399785]
[-81.59081166]
[-81.80774124]
[-81.82269724]
[-81.85047924]
[-81.6700081]
[-81.43248293]
[-81.44148024]
[-81.67177955]
[-81.83191762]
[-81.56576414]
[-81.6781716]
[-81.05176936]
[-81.08479405]
[-81.2332527]
[-81.48739998]
[-81.7319031]
[-81.58849179]
[-81.84876751]
[-81.5636735]
[-81.55009793]
[-81.65413571]
[-81.66645734]
[-81.71851909]
[-81.44820897]
[-81.15274704]
[-81.15954629]
[-81.25032354]
[-81.2945442]
[-81.356083]
[-81.29202702]
[-81.455617]
[-81.60549299]
[-81.68177947]
[-81.73435033]
[-81.86483741]
[-81.56634338]
[-81.64001121]
[-81.49208458]
[-81.78206335]
[-81.59957688]
[-81.83888329]
[-81.72245176]
[-81.74712873]
[-81.66741784]
[-81.62581131]
[-81.39602305]
[-81.48402178]
[-81.48285853]
[-81.60054451]
[-81.47192518]
[-81.05541216]
[-81.14918556]
[-81.51422974]
[-81.16825972]
[-81.30330538]
[-81.32082847]
[-81.39954611]
[-81.3357287]
[-81.32869476]
[-81.53624979]
[-81.545779]
[-81.3949199]
[-81.36535098]
[-81.36828072]
[-81.15410134]
[-81.12728158]
[-80.96253146]
[-81.20626907]
[-81.23095883]
[-81.22331602]
[-81.35892234]
[-82.06458577]
[-81.96179084]
[-81.13858]
[-80.96160423]
[-80.85047525]
[-80.79828483]
[-80.91459305]
[-80.89554673]
[-81.02423306]
[-80.94225292]
[-80.82362898]
[-80.53271803]
[-80.16292314]
[-80.31102178]
[-80.56517483]
[-80.74917045]
[-80.94795441]
[-80.84674033]
[-81.35481351]
[-81.0882674]
[-81.10292443]
[-81.13795554]
[-81.1341192]
[-80.95796848]
[-81.02696477]
[-81.04165628]
[-81.03841986]
[-80.85895791]
[-80.98332491]
[-81.06643493]
[-80.75077443]
[-81.16286368]
[-81.03747043]
[-81.14416026]
[-81.14104745]
[-81.09467844]
[-81.31758575]
[-81.23178555]
[-81.0134296]
[-81.07724]
[-80.95866397]
[-80.89226908]
[-80.63898733]
[-80.5122564]
[-80.36823982]
[-80.75377052]
[-80.79636594]
[-81.03179303]
[-81.04157799]
[-80.89732203]
[-81.04421137]
[-81.01601201]
[-80.99590064]
[-80.96604867]
[-81.06019249]
[-81.20686361]
[-81.23035073]
[-81.05183855]
[-81.27207563]
[-80.96357641]
[-80.89536129]
[-80.90245975]
[-80.97001134]
[-80.95787115]
[-81.04151519]
[-80.97278544]
[-81.12754227]
[-81.14585312]
[-81.2472013]
[-81.32971476]
[-81.39262471]
[-81.5472847]
[-81.36034989]
[-81.20364858]
[-81.26114582]
[-81.16281767]
[-80.98357654]
[-80.97619886]
[-80.92116844]
[-80.92567835]
[-80.82382776]
[-80.79603817]
[-81.06552795]
[-81.0201989]
[-81.12869902]
[-81.31663958]
[-81.39062335]
[-81.32927635]
[-81.37796654]
[-81.50923203]
[-81.25105227]
[-81.11427467]
[-81.13774611]
[-80.95534268]
[-80.83895552]
[-81.10497347]
[-81.30005926]
[-81.3021029]
[-81.11819615]
[-81.26090449]
[-80.87030154]
[-81.11562992]
[-81.08967027]
[-81.34265572]
[-81.12564631]
[-81.32880866]
[-81.36087674]
[-81.3298334]
[-81.37454102]
[-81.39357389]
[-81.32685973]
[-81.34675136]
[-81.2135852]
[-81.17231099]
[-81.08442566]
[-81.15801161]
[-81.09264446]
[-81.01566629]
[-81.07617115]
[-80.98941029]
[-80.93801852]
[-81.16337952]
[-81.27384426]
[-81.32617642]
[-81.38949971]
[-81.08901928]
[-81.20853489]
[-81.43836613]
[-81.5172129]
[-81.39792771]
[-81.51091367]
[-81.59330383]
[-81.57083201]
[-81.25416953]
[-81.13299336]
[-81.23740002]
[-81.0414922]
[-80.96952754]
[-81.2228841]
[-81.15109553]
[-81.28717803]
[-81.32716138]
[-81.41097405]
[-81.30189901]
[-81.16830912]
[-81.01828043]
[-80.97776991]
[-80.99220355]
[-80.97344275]
[-80.94455618]
[-81.19393118]
[-81.16421406]
[-81.34228999]
[-81.16891507]
[-80.96060169]
[-81.05017249]
[-81.26627316]
[-81.04082576]
[-80.88513354]
[-81.01940166]
[-80.84178907]
[-81.04074781]
[-81.18422661]
[-81.0231175]
[-81.26279353]
[-81.27490903]
[-81.44803888]
[-81.25834284]
[-81.37631774]
[-81.27331727]
[-81.25952388]
[-81.57680646]
[-81.55414793]
[-81.22220909]
[-81.43054898]
[-81.39841971]
[-81.34486767]
[-81.42027885]
[-81.42968374]
[-81.31641632]
[-81.46357188]
[-81.37734521]
[-81.45282756]
[-81.31108731]
[-81.25400733]
[-81.35364731]
[-81.40218096]
[-81.21867471]
[-81.24252187]
[-81.22417071]
[-81.26752683]
[-81.27461798]
[-81.00958046]
[-80.99406349]
[-80.98299031]
[-80.88245391]
[-81.06222073]
[-80.9451715]
[-81.62705106]
[-81.40696189]
[-81.33853097]
[-81.2230641]
[-81.34612942]
[-81.27490287]
[-81.37341507]
[-81.45935413]
[-81.19968083]
[-81.25408233]
[-81.09384864]
[-81.02264801]
[-80.98015554]
[-80.88022568]
[-80.7527]
[-80.81249888]
[-80.94365987]
[-81.09182705]
[-81.41509751]
[-81.40825387]
[-81.4507752]
[-81.56215766]
[-81.4077692]
[-81.20767203]
[-81.17134117]
[-81.13694441]
[-81.32814533]
[-81.26494297]
[-81.30282565]
[-81.19403582]
[-81.49389128]
[-81.23730147]
[-81.32528387]
[-81.24385051]
[-81.38614815]
[-81.52138787]
[-81.51779072]
[-81.31083389]
[-81.22743114]
[-81.18587894]
[-81.23557729]
[-81.06108086]
[-81.29028355]
[-81.24341796]
[-81.0692175]
[-81.31390568]
[-80.8948966]
[-80.81961357]
[-80.86361863]
[-80.91801037]
[-81.06933944]
[-81.30478863]
[-81.2589651]
[-81.20249427]
[-81.27161691]
[-81.37280668]
[-81.18444249]
[-81.43960754]
[-81.46895883]
[-81.49248089]
[-81.50616959]
[-81.19665523]
[-81.2470783]
[-81.344887]
[-81.16344564]
[-81.22310097]
[-81.24656956]
[-81.29208368]
[-81.01131582]
[-81.03187072]
[-80.97423967]
[-81.27498902]
[-81.02392894]
[-81.15164061]
[-81.23047348]
[-81.10392316]
[-81.32231645]
[-81.55038355]
[-81.53199202]
[-81.58608596]
[-81.37647747]
[-81.40012259]
[-81.39620133]
[-81.43710976]
[-81.27290333]
[-81.40030813]
[-81.21561528]
[-81.40883923]
[-81.24756933]
[-81.22498374]
[-81.31261131]
[-81.50048032]
[-81.30582901]
[-81.12340994]
[-81.08563997]
[-81.1027717]
[-81.26068614]
[-81.28362312]
[-81.46703084]
[-81.40082167]
[-81.5868858]
[-81.49716509]
[-81.22539209]
[-80.85312432]
[-80.71291687]
[-80.7707329]
[-80.77744087]
[-80.67793203]
[-81.09647663]
[-81.34612586]
[-81.45253012]
[-81.22068006]
[-81.27385671]
[-80.95877178]
[-80.82322351]
[-80.97142239]
[-81.14973621]
[-81.24562997]
[-81.38008212]
[-81.3716996]
[-81.30265794]
[-81.36967063]
[-81.48072101]
[-81.26054532]
[-81.16927835]
[-81.15807256]
[-81.19703596]
[-81.11283426]
[-81.04276638]
[-81.22608397]
[-80.87048724]
[-81.01937298]
[-81.26225339]
[-81.12034142]
[-81.14492197]
[-80.98190559]
[-81.25399061]
[-81.40291509]
[-81.28154921]
[-81.1629087]
[-80.93880768]
[-81.21613799]
[-81.07245008]
[-80.90761061]
[-80.79855634]
[-80.82250395]
[-80.83593452]
[-80.99275896]
[-80.90689625]
[-81.02518929]
[-81.18905056]
[-81.41404916]
[-81.47042297]
[-81.40073039]
[-81.82112115]
[-81.57927787]
[-81.73537718]
[-81.5792977]
[-81.66495484]
[-81.79392173]
[-81.51238117]
[-81.30598193]
[-81.09133554]
[-80.91972646]
[-81.1600424]
[-81.11287466]
[-81.1064362]
[-80.89739854]
[-80.77493525]
[-80.79086039]
[-81.03447635]
[-80.99006442]
[-81.15541812]
[-81.4628133]
[-81.42812371]
[-81.45649455]
[-81.43899306]
[-81.32305575]
[-81.37498683]
[-81.36409363]
[-81.22817499]
[-81.11980838]
[-81.0531963]
[-81.05422612]
[-81.393948]
[-81.43738672]
[-81.09391618]
[-81.19958664]
[-81.27421359]
[-81.42192085]
[-81.6750846]
[-81.7501794]
[-81.71114272]
[-81.54133654]
[-81.30825557]
[-81.45190907]
[-81.28263786]
[-81.35351325]
[-81.43811282]
[-81.18486273]
[-81.06269913]
[-80.93307056]
[-81.08916669]
[-81.09047485]
[-80.94122125]
[-81.26535169]
[-81.62111982]
[-81.52372386]
[-81.57897657]
[-81.5062617]
[-81.48441752]
[-81.38233039]
[-81.46223249]
[-81.60900372]
[-81.61386584]
[-81.75682246]
[-81.36798438]
[-81.57540407]
[-81.41550863]
[-81.34976283]
[-81.46214029]
[-81.46083108]
[-81.29288897]
[-81.13711845]
[-81.19781557]
[-80.98438865]
[-81.17826927]
[-80.96279585]
[-81.30002234]
[-81.40694131]
[-81.28211568]
[-81.09047439]
[-81.03665596]
[-81.29717748]
[-81.41310903]
[-81.51647824]
[-81.67144821]
[-81.79306501]
[-81.54546654]
[-81.28591488]
[-81.42308584]
[-81.61393675]
[-81.45890532]
[-81.16654199]
[-81.03810236]
[-81.23666534]
[-81.48219669]
[-81.19806152]
[-81.32120313]
[-81.31202587]
[-81.52667093]
[-81.39444882]
[-81.42800994]
[-81.50135071]
[-81.25897373]
[-81.17864238]
[-81.29941585]
[-81.68928221]
[-81.55815117]
[-81.47296351]
[-81.40621953]
[-81.53920695]
[-81.55298082]
[-81.59927798]
[-81.62286409]
[-81.55117379]
[-81.56319359]
[-81.39728102]
[-81.32873556]
[-81.21697428]
[-81.3742333]
[-81.30915446]
[-81.14021243]
[-81.0969198]
[-81.04849531]
[-80.8659923]
[-81.02639968]
[-81.13503879]
[-81.06910267]
[-81.09750075]
[-81.22899183]
[-81.19337933]
[-81.32614567]
[-81.21210304]
[-81.28922608]
[-81.3409503]
[-81.05737589]
[-81.19004524]
[-81.18870892]
[-81.1590967]
[-81.01559775]
[-81.04394763]
[-81.03650377]
[-81.19495837]
[-81.02321025]
[-80.95405135]
[-80.96040537]
[-81.03419291]
[-81.37708191]
[-81.49538923]
[-81.43119537]
[-81.56197331]
[-81.42724638]
[-81.33173566]
[-81.17908605]
[-81.07240599]
[-81.35724064]
[-81.27838328]
[-81.35277123]
[-81.29862931]
[-81.24297561]
[-81.38143864]
[-81.50167712]
[-81.10488675]
[-81.15905797]
[-81.29675613]
[-80.96585019]
[-80.82764009]
[-80.71978732]
[-80.75522462]
[-80.87250164]
[-80.79425663]
[-80.82480477]
[-80.78018982]
[-80.72553358]
[-80.76973023]
[-80.64685783]
[-80.5595321]
[-80.615188]
[-80.73561276]
[-80.75315996]
[-80.99586698]
[-80.91704491]
[-81.07919038]
[-80.75467237]
[-81.01118686]
[-80.64719754]
[-80.92769356]
[-80.8889515]
[-80.81259959]
[-81.09633717]
[-81.08437259]
[-81.01881155]
[-81.01503828]
[-80.734325]
[-80.84406718]
[-81.02700517]
[-80.76279177]
[-81.03551936]
[-80.94212461]
[-80.87525807]
[-81.00768013]
[-80.94800087]
[-81.02670407]
[-80.99869129]
[-80.9391713]
[-80.92349211]
[-80.65158556]
[-80.7953864]
[-80.6592732]
[-80.73724622]
[-80.86458597]
[-80.91847221]
[-80.88203467]
[-81.18307134]
[-81.08502264]
[-81.16692647]
[-80.96148176]
[-80.83482347]
[-80.77275256]
[-80.78405512]
[-80.94831876]
[-81.03067094]
[-80.9776527]
[-81.072368]
[-80.91053635]
[-81.00238531]
[-81.05615403]
[-81.0317304]
[-80.95229896]
[-81.03497206]
[-80.94705579]
[-81.26095828]
[-81.08524705]
[-81.15903271]
[-81.21809193]
[-81.22284796]
[-81.08649421]
[-81.03345979]
[-80.88243119]
[-80.90941024]
[-80.93823514]
[-81.04428486]
[-80.81779807]
[-81.14311774]
[-81.09985461]
[-80.96276052]
[-80.78539492]
[-81.15844121]
[-81.00846258]
[-80.95878431]
[-81.12785197]
[-80.94902106]
[-81.06152544]
[-81.05869197]
[-80.92590413]
[-80.80056085]
[-80.99784484]
[-81.02113751]
[-81.00083731]
[-81.01299179]
[-81.26943919]
[-81.01539707]
[-80.86471302]
[-80.70861284]
[-80.53162688]
[-80.69033504]
[-80.56429919]
[-80.52240526]
[-80.58608646]
[-81.05768267]
[-80.90870442]
[-81.27874697]
[-81.06938206]
[-81.09415824]
[-81.0881911]
[-81.40280566]
[-81.33383328]
[-81.51573328]
[-81.23741996]
[-81.21737382]
[-81.22819127]
[-81.15020775]
[-81.17318683]
[-81.17840498]
[-81.06437266]
[-80.79017478]
[-80.96315913]
[-81.21041828]
[-81.14116501]
[-81.01124432]
[-81.06250527]
[-81.13034568]
[-81.04929712]
[-81.06680678]
[-81.41788248]
[-81.67736255]
[-81.69618235]
[-81.40945704]
[-81.43748759]
[-81.0848695]
[-81.08824093]
[-81.14431609]
[-81.035586]
[-80.63168152]
[-80.97178437]
[-81.15805069]
[-81.20441382]
[-80.95748116]
[-81.13067252]
[-81.25083647]
[-81.13956433]
[-81.04584951]
[-81.42930469]
[-81.26142606]
[-81.53509537]
[-81.50290591]
[-81.32492689]
[-81.33495809]
[-81.21048883]
[-81.09740273]
[-80.88957348]
[-80.67429137]
[-81.13767043]
[-81.45080595]
