[-78.13428801]
[-78.19993029]
[-78.24238291]
[-77.92026067]
[-78.26742965]
[-78.17363753]
[-78.24209269]
[-77.97370788]
[-77.8630295]
[-78.19006205]
[-78.19274124]
[-77.88551741]
[-77.9768051]
[-77.86672734]
[-77.95587326]
[-77.94082072]
[-77.98001966]
[-78.09826018]
[-78.1252572]
[-78.16230954]
[-78.29342422]
[-78.26869462]
[-78.19043885]
[-78.17108575]
[-78.17752145]
[-78.14924559]
[-78.19196668]
[-78.1182966]
[-78.30080669]
[-78.17892001]
[-78.14791602]
[-77.86315412]
[-77.91409392]
[-77.8833784]
[-78.08731758]
[-78.0011402]
[-77.87128106]
[-77.7355918]
[-78.06333261]
[-78.17068103]
[-78.1379393]
[-78.00967303]
[-78.15392039]
[-78.129251]
[-78.21730247]
[-78.32354498]
[-78.23908687]
[-78.21315467]
[-78.33553876]
[-78.50981313]
[-78.05666722]
[-78.28968282]
[-78.43770393]
[-78.30442579]
[-78.05960244]
[-77.99415974]
[-78.08216867]
[-78.11131439]
[-77.93570005]
[-78.05391627]
[-78.07913983]
[-78.19170161]
[-78.00876552]
[-78.18033898]
[-78.13951765]
[-77.90827353]
[-77.92712651]
[-78.14076457]
[-77.98254334]
[-78.0140936]
[-78.04481216]
[-78.20165305]
[-78.11774328]
[-78.03015604]
[-78.18008045]
[-78.09937988]
[-77.76262094]
[-78.05334644]
[-77.73758166]
[-77.95833318]
[-77.88545723]
[-77.88312953]
[-78.07767678]
[-77.9281223]
[-77.79351019]
[-77.8866165]
[-78.01709885]
[-77.98071332]
[-77.79740915]
[-77.99062412]
[-78.00763431]
[-78.00440201]
[-77.92264738]
[-78.013799]
[-77.96792837]
[-78.02127654]
[-78.1300449]
[-78.03043338]
[-78.21659311]
[-78.43621537]
[-78.47833623]
[-78.49443012]
[-78.84275729]
[-78.69433812]
[-78.61460771]
[-78.59799844]
[-78.41696317]
[-78.73294807]
[-78.75639587]
[-78.73898966]
[-78.63516568]
[-78.50708178]
[-77.79191508]
[-78.17366055]
[-78.12098143]
[-78.48803482]
[-78.34001591]
[-78.10891831]
[-78.30737982]
[-78.26762794]
[-78.29279772]
[-78.49440705]
[-78.34643563]
[-78.50183019]
[-78.4860508]
[-78.75081178]
[-78.74433095]
[-78.66144141]
[-78.73447422]
[-78.54699412]
[-78.55580981]
[-78.50307707]
[-78.50501625]
[-78.50704353]
[-78.66036401]
[-78.66023141]
[-78.74676032]
[-78.72471582]
[-78.79471264]
[-78.75438962]
[-78.81520039]
[-78.67051292]
[-78.57555534]
[-78.77900572]
[-78.75169019]
[-78.68011956]
[-78.64876105]
[-78.80025078]
[-78.73085233]
[-78.80306931]
[-78.71323656]
[-78.96822348]
[-78.62436665]
[-78.63163308]
[-78.56079545]
[-78.56655671]
[-78.63943802]
[-78.77836455]
[-78.88089696]
[-78.80820737]
[-78.87631332]
[-78.75511236]
[-78.74413169]
[-78.62214267]
[-78.5494177]
[-78.61867663]
[-78.45577336]
[-78.47525453]
[-78.65603064]
[-78.41518499]
[-78.58812637]
[-78.64814586]
[-78.63082504]
[-78.60575334]
[-78.37419346]
[-78.64584617]
[-78.46469735]
[-78.50137924]
[-78.73709112]
[-78.58412157]
[-78.63417702]
[-78.57380642]
[-78.4112103]
[-78.32748981]
[-78.37999463]
[-78.61496977]
[-78.32320286]
[-78.69287532]
[-78.54092587]
[-78.51200204]
[-78.66022891]
[-78.49733181]
[-78.53667036]
[-78.70317777]
[-78.60912659]
[-78.70127565]
[-78.58893095]
[-78.6772121]
[-78.45720579]
[-78.30178828]
[-79.01300259]
[-78.9791144]
[-78.70517262]
[-78.66795161]
[-78.73171935]
[-78.57539274]
[-78.884631]
[-78.52597665]
[-78.63122888]
[-78.90553225]
[-78.7979551]
[-79.04878009]
[-78.98654246]
[-79.00711616]
[-79.00690251]
[-79.04430457]
[-79.04651452]
[-79.16599832]
[-79.30924663]
[-79.28499969]
[-78.99787092]
[-78.67813044]
[-78.54923547]
[-78.480147]
[-78.55865474]
[-78.69429254]
[-78.79165779]
[-78.75433]
[-78.52680199]
[-78.67199467]
[-78.69458404]
[-78.64723246]
[-78.72512563]
[-78.76002207]
[-78.60867765]
[-78.84147863]
[-78.78808883]
[-78.6621713]
[-78.70827007]
[-79.14330588]
[-78.93415669]
[-78.85550425]
[-78.86566038]
[-78.47224637]
[-78.70934091]
[-78.86818681]
[-78.95698065]
[-78.8740781]
[-78.96079935]
[-79.02495942]
[-79.09742511]
[-79.10760099]
[-78.50218553]
[-78.82070002]
[-79.53518999]
[-79.19808681]
[-79.01078513]
[-79.55967267]
[-79.65849543]
[-79.408792]
[-78.71159388]
[-78.33174755]
[-78.37894012]
[-78.42611291]
[-78.6658324]
[-79.28856443]
[-79.28756988]
[-79.03563718]
[-78.32148727]
[-78.28453972]
[-78.44755194]
[-78.55947776]
[-78.50033255]
[-78.55596262]
[-78.46519213]
[-78.4369554]
[-78.34546046]
[-78.19674428]
[-78.20447435]
[-78.14111749]
[-78.18086844]
[-78.44388986]
[-78.30181713]
[-78.11947913]
[-78.135719]
[-78.21475866]
[-78.186937]
[-78.19827481]
[-78.1126428]
[-78.1742398]
[-78.17956714]
[-78.43253937]
[-78.40678196]
[-78.56416952]
[-78.53061811]
[-78.62574776]
[-78.58600479]
[-78.73518787]
[-78.65232843]
[-78.53207584]
[-78.70421598]
[-78.7239113]
[-78.54597737]
[-78.51684053]
[-78.52825005]
[-78.51152497]
[-78.46828583]
[-78.3758612]
[-78.43942829]
[-78.47015407]
[-78.3535052]
[-78.47327439]
[-78.64961567]
[-78.70862286]
[-78.68329744]
[-78.74708353]
[-78.7049567]
[-78.56408948]
[-78.55758356]
[-78.36359891]
[-78.50474178]
[-78.37959417]
[-78.47887048]
[-78.45381774]
[-78.4386606]
[-78.52121098]
[-78.48836229]
[-78.62254196]
[-78.48555652]
[-78.51027019]
[-78.56233818]
[-78.4713404]
[-78.64611734]
[-78.58640215]
[-78.64200794]
[-78.60678552]
[-78.48941213]
[-78.90680737]
[-78.85512734]
[-78.82796327]
[-78.91798746]
[-78.761027]
[-78.88782226]
[-78.8387129]
[-78.81545701]
[-78.74176545]
[-78.86347492]
[-78.75089007]
[-78.6647264]
[-78.49493007]
[-78.65508872]
[-78.68417373]
[-78.50249035]
[-78.55978725]
[-78.57227252]
[-78.59123923]
[-78.79733026]
[-78.44382589]
[-78.66555936]
[-78.43475367]
[-78.48907002]
[-78.74289197]
[-78.56944096]
[-78.66202283]
[-78.46593387]
[-78.46340826]
[-78.40092524]
[-78.45686957]
[-78.59102608]
[-78.6472209]
[-78.58803447]
[-78.67704419]
[-78.60688844]
[-78.72949316]
[-78.78081338]
[-78.72285571]
[-78.62994208]
[-78.72712798]
[-78.55737533]
[-78.63685913]
[-78.58420954]
[-78.4977675]
[-78.73398658]
[-78.93324533]
[-78.77326352]
[-78.85187421]
[-78.8822391]
[-78.97998216]
[-79.051669]
[-78.99148655]
[-79.03529741]
[-78.99345164]
[-78.89014025]
[-78.7866733]
[-78.96617183]
[-78.85284461]
[-78.676811]
[-78.86156381]
[-78.71979093]
[-78.9113906]
[-78.72583625]
[-78.81748275]
[-78.7400874]
[-78.84682103]
[-78.96235514]
[-78.93882172]
[-78.71596642]
[-78.7970788]
[-78.70452553]
[-78.78408796]
[-78.96133673]
[-78.8216411]
[-78.75993094]
[-78.74865889]
[-78.86285075]
[-78.8465934]
[-78.92472989]
[-78.74125304]
[-78.81127554]
[-79.01300787]
[-78.94395616]
[-78.89954818]
[-78.86460342]
[-78.88979972]
[-78.69357223]
[-78.87573671]
[-78.88889088]
[-78.98947348]
[-78.94230037]
[-78.83984019]
[-78.94893874]
[-78.77688344]
[-78.59575425]
[-78.73909938]
[-78.88868665]
[-78.75167046]
[-78.26296057]
[-78.45492317]
[-78.76318468]
[-78.58605824]
[-78.57481414]
[-78.74865791]
[-78.70645832]
[-78.1587651]
[-78.3303107]
[-78.51626419]
[-78.11836686]
[-78.42036129]
[-78.31401839]
[-78.26766388]
[-78.35929187]
[-78.49688375]
[-78.44183017]
[-78.42159024]
[-78.60077898]
[-78.42557045]
[-78.34299038]
[-78.38570793]
[-78.09532956]
[-78.51244308]
[-78.29277213]
[-78.41909279]
[-78.32767926]
[-78.46710721]
[-78.38025238]
[-78.39151761]
[-78.28571666]
[-78.28562937]
[-78.22091246]
[-78.17942995]
[-78.19817186]
[-78.16420384]
[-78.60818601]
[-78.47974595]
[-78.43058215]
[-78.18100491]
[-78.3581047]
[-78.52985099]
[-78.33768307]
[-78.44608386]
[-78.43219292]
[-78.55725561]
[-78.52883441]
[-78.52593726]
[-78.30845032]
[-78.31937112]
[-77.98983086]
[-78.22450868]
[-78.28215273]
[-78.30126217]
[-78.28828714]
[-78.49463612]
[-78.23352468]
[-78.46530155]
[-78.5678056]
[-78.85095887]
[-78.54361634]
[-78.50724861]
[-78.8072273]
[-78.86877922]
[-78.83488881]
[-78.83059953]
[-78.75135344]
[-78.60947146]
[-78.51196174]
[-78.63864646]
[-78.73575223]
[-78.74985709]
[-78.73187042]
[-78.88196949]
[-78.72050557]
[-78.86094414]
[-79.07534363]
[-78.92276587]
[-78.94325503]
[-78.9747631]
[-79.15457326]
[-78.76637959]
[-78.79825979]
[-79.04594898]
[-79.14709677]
[-79.33361894]
[-78.96440954]
[-78.95233525]
[-79.13175988]
[-78.82140847]
[-78.90172468]
[-79.15674433]
[-78.90804756]
[-79.13805879]
[-79.05036376]
[-79.59196949]
[-79.32680222]
[-79.09740435]
[-78.98214181]
[-78.99467033]
[-79.1415158]
[-79.23837427]
[-79.25376305]
[-79.25641918]
[-79.15344798]
[-79.15339228]
[-79.12400049]
[-78.99185331]
[-79.07057175]
[-79.13069201]
[-79.2242855]
[-79.17319232]
[-78.95669306]
[-78.92232124]
[-79.10883741]
[-78.88717789]
[-78.90793994]
[-79.3369595]
[-79.37747567]
[-79.45362388]
[-79.28746632]
[-79.00897549]
[-79.14376181]
[-79.13656153]
[-78.73831246]
[-78.91313315]
[-78.77710895]
[-78.9055212]
[-79.00081734]
[-79.24842767]
[-79.15381863]
[-79.26459683]
[-79.37400244]
[-79.26705292]
[-79.4984046]
[-79.4563694]
[-79.4631963]
[-79.39387304]
[-79.19351927]
[-79.13343756]
[-79.47421077]
[-79.43417625]
[-79.33146793]
[-79.29869815]
[-79.12037448]
[-79.39745271]
[-79.23260875]
[-79.32872383]
[-79.14141944]
[-78.94724133]
[-79.12430164]
[-78.85633016]
[-79.19720095]
[-79.14794238]
[-79.20617038]
[-79.33691537]
[-79.25850981]
[-79.35489578]
[-79.38142968]
[-79.39737738]
[-79.40719786]
[-79.42666453]
[-79.13104703]
[-79.28476985]
[-79.306682]
[-79.26579143]
[-79.23473782]
[-79.17263259]
[-79.22722708]
[-79.11305136]
[-79.12811663]
[-79.07594086]
[-79.35782983]
[-79.27475548]
[-79.07110795]
[-79.27382002]
[-79.34928412]
[-79.36070613]
[-79.49619041]
[-79.33917787]
[-79.32078633]
[-79.33363265]
[-79.24739344]
[-79.21062651]
[-79.29706111]
[-79.34134661]
[-79.11019207]
[-79.16079256]
[-79.24992504]
[-79.21092886]
[-79.23298217]
[-79.21548428]
[-79.23012116]
[-79.3566519]
[-79.16442061]
[-79.50125079]
[-79.34193901]
[-79.50002276]
[-79.44918489]
[-79.17145877]
[-79.10666716]
[-79.2062646]
[-79.12385142]
[-79.06716048]
[-79.15741165]
[-78.93185974]
[-79.12882878]
[-79.12666611]
[-78.93972099]
[-78.97963066]
[-79.34849143]
[-79.22716489]
[-79.09239403]
[-79.06206191]
[-79.24897268]
[-79.44583002]
[-79.2135645]
[-79.23308673]
[-79.25194028]
[-79.2684911]
[-79.40653628]
[-79.27171881]
[-79.48808778]
[-79.20766722]
[-79.11043559]
[-79.0958392]
[-79.23683845]
[-79.22801022]
[-78.94987725]
[-79.38585252]
[-79.51203458]
[-79.3104548]
[-79.39922268]
[-79.27649208]
[-79.27609927]
[-79.35303517]
[-79.42474163]
[-79.57624319]
[-79.59252301]
[-79.47929036]
[-79.70177097]
[-79.38982818]
[-79.61133632]
[-79.53085815]
[-79.54111476]
[-79.48292561]
[-79.4392648]
[-79.30496493]
[-79.21384655]
[-79.18994857]
[-79.04571959]
[-79.05450099]
[-79.19269239]
[-79.07074706]
[-79.05494766]
[-79.06939367]
[-79.05951043]
[-79.29124454]
[-79.34295942]
[-79.33993118]
[-79.23795552]
[-79.22290015]
[-79.31424049]
[-79.33257233]
[-79.53955215]
[-79.36304186]
[-79.27559642]
[-79.19495152]
[-79.40179389]
[-79.09928226]
[-79.34159073]
[-79.31460706]
[-79.24825994]
[-79.28236657]
[-79.09111703]
[-78.96228135]
[-79.18990977]
[-79.22258589]
[-79.35511614]
[-79.22907029]
[-79.11975731]
[-79.34775807]
[-79.30389218]
[-78.95361257]
[-79.04137487]
[-78.98541587]
[-79.08143152]
[-79.00720793]
[-79.13599396]
[-78.95761818]
[-79.19245173]
[-79.18933772]
[-79.26530177]
[-79.36045996]
[-79.11700868]
[-79.18696731]
[-79.06141318]
[-79.05246663]
[-78.72495009]
[-79.01074966]
[-78.97510073]
[-79.21878552]
[-79.16721927]
[-79.40845801]
[-79.2604166]
[-78.94462154]
[-79.1146651]
[-78.88384052]
[-79.04092376]
[-79.11992744]
[-79.28044789]
[-79.09447133]
[-79.18708405]
[-79.34342844]
[-78.97935633]
[-79.2590958]
[-79.00478782]
[-79.09269139]
[-79.16453879]
[-79.29581057]
[-79.25967825]
[-79.49747683]
[-79.28227177]
[-79.22536396]
[-79.08629334]
[-79.24582415]
[-79.19354335]
[-79.04537743]
[-79.35409922]
[-79.3914849]
[-79.34046716]
[-79.33259569]
[-79.2796284]
[-79.39553929]
[-79.46963448]
[-79.54481109]
[-79.47884115]
[-79.27971091]
[-79.26122133]
[-79.19591939]
[-79.01914285]
[-79.17816481]
[-79.02482926]
[-79.17847404]
[-79.12422848]
[-79.06088752]
[-79.23328076]
[-79.22514932]
[-79.25852087]
[-79.2116501]
[-79.32975197]
[-79.17615704]
[-79.2120474]
[-79.33667203]
[-79.17907136]
[-79.11095916]
[-78.92491764]
[-78.7746484]
[-78.93025396]
[-78.79380691]
[-78.69843112]
[-78.92373609]
[-79.00917708]
[-79.11344408]
[-79.01822115]
[-79.12611598]
[-79.28344433]
[-79.2985013]
[-79.2340129]
[-79.34827899]
[-79.42303103]
[-79.32178063]
[-79.25796613]
[-79.45263898]
[-79.24171831]
[-79.45248056]
[-79.0297298]
[-79.00795009]
[-78.7585449]
[-78.64748967]
[-78.67461933]
[-78.78666833]
[-78.84128686]
[-78.77268207]
[-78.86713135]
[-79.0341654]
[-79.11107774]
[-79.18773908]
[-79.06753274]
[-79.15649991]
[-79.44476637]
[-79.22744044]
[-79.26726636]
[-79.08033707]
[-79.0982968]
[-78.75574282]
[-78.98661222]
[-78.90368339]
[-78.9209121]
[-79.09359118]
[-78.99597718]
[-79.17166084]
[-79.13775807]
[-79.29193716]
[-79.34814659]
[-79.2644297]
[-79.42667986]
[-79.40382931]
[-79.19515274]
[-79.34501917]
[-79.3240003]
[-79.15828463]
[-79.21710674]
[-79.16462319]
[-79.0921091]
[-78.98521191]
[-78.77055394]
[-78.95741815]
[-78.78226768]
[-79.10928384]
[-79.13619868]
[-79.11014931]
[-79.13367744]
[-79.14680921]
[-79.13470567]
[-79.01219672]
[-79.26764913]
[-79.22988165]
[-79.42880167]
[-79.28360778]
[-79.47148784]
[-79.32131371]
[-79.34552984]
[-79.3781667]
[-79.40432652]
[-79.19604186]
[-79.15849825]
[-78.96304604]
[-79.08581419]
[-78.87410418]
[-78.96102003]
[-78.93392615]
[-79.07105881]
[-79.10117093]
[-79.22376586]
[-79.34447166]
[-79.24623064]
[-79.43543276]
[-79.31068594]
[-79.31829235]
[-79.2343486]
[-79.30290016]
[-79.30190989]
[-79.38185717]
[-79.3367852]
[-79.39579885]
[-79.12405109]
[-79.20535035]
[-78.99982434]
[-79.15667553]
[-79.28650281]
[-79.10368751]
[-79.07357712]
[-79.14427876]
[-79.0538499]
[-79.31806584]
[-79.1985341]
[-79.09358881]
[-79.39404892]
[-79.37697388]
[-79.36112166]
[-79.53040201]
[-79.25115389]
[-79.32487053]
[-79.27349833]
[-79.20977628]
[-79.21489889]
[-79.19178658]
[-79.5392553]
[-79.22238092]
[-79.08073578]
[-79.11615829]
[-79.14238096]
[-79.16387776]
[-79.27490965]
[-79.40570553]
[-79.40910914]
[-79.23391319]
[-79.60709018]
[-79.45293743]
[-79.43592356]
[-79.16026434]
[-79.17873181]
[-79.22458953]
[-79.10171647]
[-79.12327707]
[-79.1396603]
[-79.32237305]
[-79.14786486]
[-79.15363792]
[-79.22385254]
[-78.9642939]
[-78.91075421]
[-79.04468292]
[-79.1188588]
[-79.17051836]
[-79.0483763]
[-79.05282196]
[-78.99226468]
[-79.07459697]
[-79.00491175]
[-78.77261027]
[-78.86325717]
[-78.70597503]
[-78.79203017]
[-79.04643425]
[-78.94587042]
[-79.18753698]
[-79.1526471]
[-79.02704149]
[-79.17682493]
[-79.03530423]
[-79.23541164]
[-79.16801164]
[-79.0625775]
[-78.98713371]
[-79.24613433]
[-79.12472438]
[-79.04558734]
[-79.08383108]
[-78.86023941]
[-78.92884292]
[-78.90293322]
[-78.78819487]
[-79.24839093]
[-79.11990729]
[-79.04293618]
[-79.32944686]
[-79.23019543]
[-79.22033424]
[-79.10257576]
[-79.10176592]
[-78.99056161]
[-79.09877049]
[-78.96522807]
[-79.10944795]
[-78.72681678]
[-78.68091713]
[-78.73764292]
[-78.74583355]
[-78.67733883]
[-78.66595804]
[-78.81779179]
[-79.07594464]
[-79.18125545]
[-79.06389968]
[-79.27110221]
[-79.3580744]
[-79.29115797]
[-79.01420586]
[-79.14388597]
[-79.12411837]
[-79.09222528]
[-79.10685152]
[-79.01515976]
[-79.06139898]
[-78.91320481]
[-79.137845]
[-79.01404996]
[-79.00852037]
[-79.0360176]
[-78.87309815]
[-78.81051855]
[-78.83855534]
[-79.0519009]
[-79.02538579]
[-78.95215372]
[-79.10651973]
[-78.95536112]
[-79.07012841]
[-78.9886801]
[-79.17484479]
[-78.8744984]
[-78.91856508]
[-78.92768805]
[-78.85531566]
[-79.08582119]
[-79.18295513]
[-79.30450282]
[-78.94272964]
[-78.93235226]
[-78.78555621]
[-78.64084751]
[-78.55649792]
[-78.66254333]
[-78.72662928]
[-78.59286069]
[-78.99920697]
[-78.71219922]
[-78.65206419]
[-78.65775849]
[-78.63859574]
[-78.65511331]
[-78.70286631]
[-78.60674669]
[-78.627563]
[-78.53412406]
[-78.71401312]
[-78.79901373]
[-78.69477096]
[-78.76188182]
[-78.6836521]
[-78.81462326]
[-78.83554112]
[-78.85555439]
[-78.91537866]
[-78.78690809]
[-78.74544123]
[-78.61796122]
[-78.66381642]
[-78.73213326]
[-78.62064801]
[-78.5093799]
[-78.54027537]
[-78.86550554]
[-78.5864005]
[-78.64508657]
[-78.51618208]
[-78.66263334]
[-78.6380319]
[-78.60332778]
[-78.53354371]
[-78.62228992]
[-78.74431529]
[-78.74031216]
[-78.72349301]
[-78.76068297]
[-78.70658159]
[-78.64652165]
[-78.68358969]
[-78.99051689]
[-78.80125953]
[-78.78484665]
[-78.81652354]
[-78.55974297]
[-78.65827687]
[-78.69002898]
[-78.56645565]
[-78.71177963]
[-78.77857946]
[-78.90182486]
[-78.8853089]
[-78.8414547]
[-78.96395628]
[-78.67472457]
[-78.81537439]
[-78.6648153]
[-78.61782979]
[-78.70933096]
[-78.62136873]
[-78.39610295]
[-78.48461574]
[-78.61567354]
[-78.38025341]
[-78.37373974]
[-78.67533569]
[-78.65562668]
[-78.79266897]
[-78.73410444]
[-78.43935191]
[-78.87540623]
[-78.79809261]
[-78.89346884]
[-79.02689916]
[-78.91491895]
[-78.89357239]
[-79.03393173]
[-79.06481387]
[-78.99032029]
[-79.09518381]
[-79.03408529]
[-79.08012106]
[-78.87695709]
[-78.77128622]
[-78.88980402]
[-78.69840675]
[-78.45208408]
[-78.50549507]
[-78.58607364]
[-78.50504457]
[-78.53715884]
[-78.51711582]
[-78.43851668]
[-78.62647595]
[-78.7635939]
[-78.73968345]
[-78.85057604]
[-78.75533422]
[-78.78590136]
[-78.8129154]
[-78.68023327]
[-78.75432348]
[-78.9266895]
[-78.758906]
[-78.65876154]
[-78.69643223]
[-78.79035322]
[-78.64009639]
[-78.7325371]
[-78.88526213]
[-78.70748888]
[-78.76790028]
[-78.8457055]
[-78.88578651]
[-78.73596958]
[-78.76747965]
[-78.9645626]
[-78.82218357]
[-78.85191002]
[-78.95687947]
[-78.90323055]
[-78.88402239]
[-79.0187879]
[-79.02044458]
[-78.84130448]
[-78.93816469]
[-78.91502147]
[-78.90317339]
[-78.83047038]
[-78.86026711]
[-78.92196767]
[-78.79443283]
[-78.66865489]
[-78.58552768]
[-78.74394418]
[-78.75634614]
[-78.76136399]
[-78.98989064]
[-79.04905629]
[-78.86772365]
[-78.95277821]
[-78.72050185]
[-78.78048989]
[-78.78880761]
[-78.68008806]
[-78.72439493]
[-78.67771199]
[-78.57914396]
[-78.907305]
[-78.81134728]
[-78.90883074]
[-78.78952273]
[-78.66044361]
[-78.85309879]
[-78.79270111]
[-78.59575155]
[-78.81475283]
[-78.63484871]
[-78.82269838]
[-78.61699922]
[-78.812512]
[-78.81099564]
[-78.91566251]
[-78.63577645]
